0, 0
0.5, 0.333333333333333
0.25, 0.666666666666667
0.75, 0.111111111111111
0.125, 0.444444444444444
0.625, 0.777777777777778
0.375, 0.222222222222222
0.875, 0.555555555555556
0.0625, 0.888888888888889
0.5625, 0.037037037037037
0.3125, 0.37037037037037
0.8125, 0.703703703703704
0.1875, 0.148148148148148
0.6875, 0.481481481481481
0.4375, 0.814814814814815
0.9375, 0.259259259259259
0.03125, 0.592592592592593
0.53125, 0.925925925925926
0.28125, 0.0740740740740741
0.78125, 0.407407407407407
0.15625, 0.740740740740741
0.65625, 0.185185185185185
0.40625, 0.518518518518518
0.90625, 0.851851851851852
0.09375, 0.296296296296296
0.59375, 0.62962962962963
0.34375, 0.962962962962963
0.84375, 0.0123456790123457
0.21875, 0.345679012345679
0.71875, 0.679012345679012
0.46875, 0.123456790123457
0.96875, 0.45679012345679
0.015625, 0.790123456790123
0.515625, 0.234567901234568
0.265625, 0.567901234567901
0.765625, 0.901234567901235
0.140625, 0.0493827160493827
0.640625, 0.382716049382716
0.390625, 0.716049382716049
0.890625, 0.160493827160494
0.078125, 0.493827160493827
0.578125, 0.82716049382716
0.328125, 0.271604938271605
0.828125, 0.604938271604938
0.203125, 0.938271604938272
0.703125, 0.0864197530864197
0.453125, 0.419753086419753
0.953125, 0.753086419753086
0.046875, 0.197530864197531
0.546875, 0.530864197530864
0.296875, 0.864197530864197
0.796875, 0.308641975308642
0.171875, 0.641975308641975
0.671875, 0.975308641975309
0.421875, 0.0246913580246914
0.921875, 0.358024691358025
0.109375, 0.691358024691358
0.609375, 0.135802469135802
0.359375, 0.469135802469136
0.859375, 0.802469135802469
0.234375, 0.246913580246914
0.734375, 0.580246913580247
0.484375, 0.91358024691358
0.984375, 0.0617283950617284
0.0078125, 0.395061728395062
0.5078125, 0.728395061728395
0.2578125, 0.172839506172839
0.7578125, 0.506172839506173
0.1328125, 0.839506172839506
0.6328125, 0.283950617283951
0.3828125, 0.617283950617284
0.8828125, 0.950617283950617
0.0703125, 0.0987654320987654
0.5703125, 0.432098765432099
0.3203125, 0.765432098765432
0.8203125, 0.209876543209877
0.1953125, 0.54320987654321
0.6953125, 0.876543209876543
0.4453125, 0.320987654320988
0.9453125, 0.654320987654321
0.0390625, 0.987654320987654
0.5390625, 0.00411522633744856
0.2890625, 0.337448559670782
0.7890625, 0.670781893004115
0.1640625, 0.11522633744856
0.6640625, 0.448559670781893
0.4140625, 0.781893004115226
0.9140625, 0.226337448559671
0.1015625, 0.559670781893004
0.6015625, 0.893004115226337
0.3515625, 0.0411522633744856
0.8515625, 0.374485596707819
0.2265625, 0.707818930041152
0.7265625, 0.152263374485597
0.4765625, 0.48559670781893
0.9765625, 0.818930041152263
0.0234375, 0.263374485596708
0.5234375, 0.596707818930041
0.2734375, 0.930041152263374
0.7734375, 0.0781893004115226
0.1484375, 0.411522633744856
0.6484375, 0.744855967078189
0.3984375, 0.189300411522634
0.8984375, 0.522633744855967
0.0859375, 0.8559670781893
0.5859375, 0.300411522633745
0.3359375, 0.633744855967078
0.8359375, 0.967078189300411
0.2109375, 0.0164609053497942
0.7109375, 0.349794238683128
0.4609375, 0.683127572016461
0.9609375, 0.127572016460905
0.0546875, 0.460905349794239
0.5546875, 0.794238683127572
0.3046875, 0.238683127572016
0.8046875, 0.57201646090535
0.1796875, 0.905349794238683
0.6796875, 0.0534979423868313
0.4296875, 0.386831275720165
0.9296875, 0.720164609053498
0.1171875, 0.164609053497942
0.6171875, 0.497942386831276
0.3671875, 0.831275720164609
0.8671875, 0.275720164609053
0.2421875, 0.609053497942387
0.7421875, 0.94238683127572
0.4921875, 0.0905349794238683
0.9921875, 0.423868312757202
0.00390625, 0.757201646090535
0.50390625, 0.201646090534979
0.25390625, 0.534979423868313
0.75390625, 0.868312757201646
0.12890625, 0.31275720164609
0.62890625, 0.646090534979424
0.37890625, 0.979423868312757
0.87890625, 0.0288065843621399
0.06640625, 0.362139917695473
0.56640625, 0.695473251028807
0.31640625, 0.139917695473251
0.81640625, 0.473251028806584
0.19140625, 0.806584362139918
0.69140625, 0.251028806584362
0.44140625, 0.584362139917695
0.94140625, 0.917695473251029
0.03515625, 0.0658436213991769
0.53515625, 0.39917695473251
0.28515625, 0.732510288065844
0.78515625, 0.176954732510288
0.16015625, 0.510288065843621
0.66015625, 0.843621399176955
0.41015625, 0.288065843621399
0.91015625, 0.621399176954732
0.09765625, 0.954732510288066
0.59765625, 0.102880658436214
0.34765625, 0.436213991769547
0.84765625, 0.769547325102881
0.22265625, 0.213991769547325
0.72265625, 0.547325102880658
0.47265625, 0.880658436213992
0.97265625, 0.325102880658436
0.01953125, 0.65843621399177
0.51953125, 0.991769547325103
0.26953125, 0.00823045267489712
0.76953125, 0.34156378600823
0.14453125, 0.674897119341564
0.64453125, 0.119341563786008
0.39453125, 0.452674897119342
0.89453125, 0.786008230452675
0.08203125, 0.230452674897119
0.58203125, 0.563786008230453
0.33203125, 0.897119341563786
0.83203125, 0.0452674897119342
0.20703125, 0.378600823045267
0.70703125, 0.711934156378601
0.45703125, 0.156378600823045
0.95703125, 0.489711934156379
0.05078125, 0.823045267489712
0.55078125, 0.267489711934156
0.30078125, 0.60082304526749
0.80078125, 0.934156378600823
0.17578125, 0.0823045267489712
0.67578125, 0.415637860082305
0.42578125, 0.748971193415638
0.92578125, 0.193415637860082
0.11328125, 0.526748971193416
0.61328125, 0.860082304526749
0.36328125, 0.304526748971193
0.86328125, 0.637860082304527
0.23828125, 0.97119341563786
0.73828125, 0.0205761316872428
0.48828125, 0.353909465020576
0.98828125, 0.687242798353909
0.01171875, 0.131687242798354
0.51171875, 0.465020576131687
0.26171875, 0.79835390946502
0.76171875, 0.242798353909465
0.13671875, 0.576131687242798
0.63671875, 0.909465020576132
0.38671875, 0.0576131687242798
0.88671875, 0.390946502057613
0.07421875, 0.724279835390947
0.57421875, 0.168724279835391
0.32421875, 0.502057613168724
0.82421875, 0.835390946502057
0.19921875, 0.279835390946502
0.69921875, 0.613168724279835
0.44921875, 0.946502057613169
0.94921875, 0.0946502057613169
0.04296875, 0.42798353909465
0.54296875, 0.761316872427984
0.29296875, 0.205761316872428
0.79296875, 0.539094650205761
0.16796875, 0.872427983539094
0.66796875, 0.316872427983539
0.41796875, 0.650205761316872
0.91796875, 0.983539094650206
0.10546875, 0.0329218106995885
0.60546875, 0.366255144032922
0.35546875, 0.699588477366255
0.85546875, 0.1440329218107
0.23046875, 0.477366255144033
0.73046875, 0.810699588477366
0.48046875, 0.255144032921811
0.98046875, 0.588477366255144
0.02734375, 0.921810699588477
0.52734375, 0.0699588477366255
0.27734375, 0.403292181069959
0.77734375, 0.736625514403292
0.15234375, 0.181069958847737
0.65234375, 0.51440329218107
0.40234375, 0.847736625514403
0.90234375, 0.292181069958848
0.08984375, 0.625514403292181
0.58984375, 0.958847736625514
0.33984375, 0.106995884773663
0.83984375, 0.440329218106996
0.21484375, 0.773662551440329
0.71484375, 0.218106995884774
0.46484375, 0.551440329218107
0.96484375, 0.88477366255144
0.05859375, 0.329218106995885
0.55859375, 0.662551440329218
0.30859375, 0.995884773662551
0.80859375, 0.00137174211248285
0.18359375, 0.334705075445816
0.68359375, 0.668038408779149
0.43359375, 0.112482853223594
0.93359375, 0.445816186556927
0.12109375, 0.77914951989026
0.62109375, 0.223593964334705
0.37109375, 0.556927297668038
0.87109375, 0.890260631001372
0.24609375, 0.0384087791495199
0.74609375, 0.371742112482853
0.49609375, 0.705075445816187
0.99609375, 0.149519890260631
0.001953125, 0.482853223593964
0.501953125, 0.816186556927297
0.251953125, 0.260631001371742
0.751953125, 0.593964334705075
0.126953125, 0.927297668038409
0.626953125, 0.0754458161865569
0.376953125, 0.40877914951989
0.876953125, 0.742112482853224
0.064453125, 0.186556927297668
0.564453125, 0.519890260631001
0.314453125, 0.853223593964335
0.814453125, 0.297668038408779
0.189453125, 0.631001371742112
0.689453125, 0.964334705075446
0.439453125, 0.0137174211248285
0.939453125, 0.347050754458162
0.033203125, 0.680384087791495
0.533203125, 0.12482853223594
0.283203125, 0.458161865569273
0.783203125, 0.791495198902606
0.158203125, 0.235939643347051
0.658203125, 0.569272976680384
0.408203125, 0.902606310013717
0.908203125, 0.0507544581618656
0.095703125, 0.384087791495199
0.595703125, 0.717421124828532
0.345703125, 0.161865569272977
0.845703125, 0.49519890260631
0.220703125, 0.828532235939643
0.720703125, 0.272976680384088
0.470703125, 0.606310013717421
0.970703125, 0.939643347050754
0.017578125, 0.0877914951989026
0.517578125, 0.421124828532236
0.267578125, 0.754458161865569
0.767578125, 0.198902606310014
0.142578125, 0.532235939643347
0.642578125, 0.86556927297668
0.392578125, 0.310013717421125
0.892578125, 0.643347050754458
0.080078125, 0.976680384087791
0.580078125, 0.0260631001371742
0.330078125, 0.359396433470508
0.830078125, 0.692729766803841
0.205078125, 0.137174211248285
0.705078125, 0.470507544581619
0.455078125, 0.803840877914952
0.955078125, 0.248285322359396
0.048828125, 0.58161865569273
0.548828125, 0.914951989026063
0.298828125, 0.0631001371742112
0.798828125, 0.396433470507545
0.173828125, 0.729766803840878
0.673828125, 0.174211248285322
0.423828125, 0.507544581618656
0.923828125, 0.840877914951989
0.111328125, 0.285322359396433
0.611328125, 0.618655692729767
0.361328125, 0.9519890260631
0.861328125, 0.100137174211248
0.236328125, 0.433470507544582
0.736328125, 0.766803840877915
0.486328125, 0.211248285322359
0.986328125, 0.544581618655693
0.009765625, 0.877914951989026
0.509765625, 0.322359396433471
0.259765625, 0.655692729766804
0.759765625, 0.989026063100137
0.134765625, 0.00548696844993141
0.634765625, 0.338820301783265
0.384765625, 0.672153635116598
0.884765625, 0.116598079561043
0.072265625, 0.449931412894376
0.572265625, 0.783264746227709
0.322265625, 0.227709190672154
0.822265625, 0.561042524005487
0.197265625, 0.89437585733882
0.697265625, 0.0425240054869684
0.447265625, 0.375857338820302
0.947265625, 0.709190672153635
0.041015625, 0.15363511659808
0.541015625, 0.486968449931413
0.291015625, 0.820301783264746
0.791015625, 0.264746227709191
0.166015625, 0.598079561042524
0.666015625, 0.931412894375857
0.416015625, 0.0795610425240055
0.916015625, 0.412894375857339
0.103515625, 0.746227709190672
0.603515625, 0.190672153635117
0.353515625, 0.52400548696845
0.853515625, 0.857338820301783
0.228515625, 0.301783264746228
0.728515625, 0.635116598079561
0.478515625, 0.968449931412894
0.978515625, 0.0178326474622771
0.025390625, 0.35116598079561
0.525390625, 0.684499314128944
0.275390625, 0.128943758573388
0.775390625, 0.462277091906722
0.150390625, 0.795610425240055
0.650390625, 0.240054869684499
0.400390625, 0.573388203017833
0.900390625, 0.906721536351166
0.087890625, 0.0548696844993141
0.587890625, 0.388203017832647
0.337890625, 0.721536351165981
0.837890625, 0.165980795610425
0.212890625, 0.499314128943759
0.712890625, 0.832647462277092
0.462890625, 0.277091906721536
0.962890625, 0.61042524005487
0.056640625, 0.943758573388203
0.556640625, 0.0919067215363512
0.306640625, 0.425240054869684
0.806640625, 0.758573388203018
0.181640625, 0.203017832647462
0.681640625, 0.536351165980795
0.431640625, 0.869684499314129
0.931640625, 0.314128943758573
0.119140625, 0.647462277091907
0.619140625, 0.98079561042524
0.369140625, 0.0301783264746228
0.869140625, 0.363511659807956
0.244140625, 0.696844993141289
0.744140625, 0.141289437585734
0.494140625, 0.474622770919067
0.994140625, 0.8079561042524
0.005859375, 0.252400548696845
0.505859375, 0.585733882030178
0.255859375, 0.919067215363512
0.755859375, 0.0672153635116598
0.130859375, 0.400548696844993
0.630859375, 0.733882030178326
0.380859375, 0.178326474622771
0.880859375, 0.511659807956104
0.068359375, 0.844993141289437
0.568359375, 0.289437585733882
0.318359375, 0.622770919067215
0.818359375, 0.956104252400549
0.193359375, 0.104252400548697
0.693359375, 0.43758573388203
0.443359375, 0.770919067215363
0.943359375, 0.215363511659808
0.037109375, 0.548696844993141
0.537109375, 0.882030178326474
0.287109375, 0.326474622770919
0.787109375, 0.659807956104252
0.162109375, 0.993141289437586
0.662109375, 0.00960219478737997
0.412109375, 0.342935528120713
0.912109375, 0.676268861454047
0.099609375, 0.120713305898491
0.599609375, 0.454046639231824
0.349609375, 0.787379972565158
0.849609375, 0.231824417009602
0.224609375, 0.565157750342935
0.724609375, 0.898491083676269
0.474609375, 0.046639231824417
0.974609375, 0.37997256515775
0.021484375, 0.713305898491084
0.521484375, 0.157750342935528
0.271484375, 0.491083676268861
0.771484375, 0.824417009602195
0.146484375, 0.268861454046639
0.646484375, 0.602194787379972
0.396484375, 0.935528120713306
0.896484375, 0.083676268861454
0.083984375, 0.417009602194787
0.583984375, 0.750342935528121
0.333984375, 0.194787379972565
0.833984375, 0.528120713305898
0.208984375, 0.861454046639232
0.708984375, 0.305898491083676
0.458984375, 0.63923182441701
0.958984375, 0.972565157750343
0.052734375, 0.0219478737997256
0.552734375, 0.355281207133059
0.302734375, 0.688614540466392
0.802734375, 0.133058984910837
0.177734375, 0.46639231824417
0.677734375, 0.799725651577503
0.427734375, 0.244170096021948
0.927734375, 0.577503429355281
0.115234375, 0.910836762688614
0.615234375, 0.0589849108367627
0.365234375, 0.392318244170096
0.865234375, 0.725651577503429
0.240234375, 0.170096021947874
0.740234375, 0.503429355281207
0.490234375, 0.83676268861454
0.990234375, 0.281207133058985
0.013671875, 0.614540466392318
0.513671875, 0.947873799725651
0.263671875, 0.0960219478737997
0.763671875, 0.429355281207133
0.138671875, 0.762688614540466
0.638671875, 0.207133058984911
0.388671875, 0.540466392318244
0.888671875, 0.873799725651577
0.076171875, 0.318244170096022
0.576171875, 0.651577503429355
0.326171875, 0.984910836762688
0.826171875, 0.0342935528120713
0.201171875, 0.367626886145405
0.701171875, 0.700960219478738
0.451171875, 0.145404663923182
0.951171875, 0.478737997256516
0.044921875, 0.812071330589849
0.544921875, 0.256515775034294
0.294921875, 0.589849108367627
0.794921875, 0.92318244170096
0.169921875, 0.0713305898491084
0.669921875, 0.404663923182442
0.419921875, 0.737997256515775
0.919921875, 0.182441700960219
0.107421875, 0.515775034293553
0.607421875, 0.849108367626886
0.357421875, 0.293552812071331
0.857421875, 0.626886145404664
0.232421875, 0.960219478737997
0.732421875, 0.108367626886145
0.482421875, 0.441700960219479
0.982421875, 0.775034293552812
0.029296875, 0.219478737997257
0.529296875, 0.55281207133059
0.279296875, 0.886145404663923
0.779296875, 0.330589849108368
0.154296875, 0.663923182441701
0.654296875, 0.997256515775034
0.404296875, 0.00274348422496571
0.904296875, 0.336076817558299
0.091796875, 0.669410150891632
0.591796875, 0.113854595336077
0.341796875, 0.44718792866941
0.841796875, 0.780521262002743
0.216796875, 0.224965706447188
0.716796875, 0.558299039780521
0.466796875, 0.891632373113855
0.966796875, 0.0397805212620027
0.060546875, 0.373113854595336
0.560546875, 0.706447187928669
0.310546875, 0.150891632373114
0.810546875, 0.484224965706447
0.185546875, 0.81755829903978
0.685546875, 0.262002743484225
0.435546875, 0.595336076817558
0.935546875, 0.928669410150892
0.123046875, 0.0768175582990398
0.623046875, 0.410150891632373
0.373046875, 0.743484224965706
0.873046875, 0.187928669410151
0.248046875, 0.521262002743484
0.748046875, 0.854595336076817
0.498046875, 0.299039780521262
0.998046875, 0.632373113854595
0.0009765625, 0.965706447187929
0.5009765625, 0.0150891632373114
0.2509765625, 0.348422496570645
0.7509765625, 0.681755829903978
0.1259765625, 0.126200274348422
0.6259765625, 0.459533607681756
0.3759765625, 0.792866941015089
0.8759765625, 0.237311385459534
0.0634765625, 0.570644718792867
0.5634765625, 0.9039780521262
0.3134765625, 0.0521262002743484
0.8134765625, 0.385459533607682
0.1884765625, 0.718792866941015
0.6884765625, 0.16323731138546
0.4384765625, 0.496570644718793
0.9384765625, 0.829903978052126
0.0322265625, 0.274348422496571
0.5322265625, 0.607681755829904
0.2822265625, 0.941015089163237
0.7822265625, 0.0891632373113855
0.1572265625, 0.422496570644719
0.6572265625, 0.755829903978052
0.4072265625, 0.200274348422497
0.9072265625, 0.53360768175583
0.0947265625, 0.866941015089163
0.5947265625, 0.311385459533608
0.3447265625, 0.644718792866941
0.8447265625, 0.978052126200274
0.2197265625, 0.0274348422496571
0.7197265625, 0.36076817558299
0.4697265625, 0.694101508916324
0.9697265625, 0.138545953360768
0.0166015625, 0.471879286694102
0.5166015625, 0.805212620027435
0.2666015625, 0.249657064471879
0.7666015625, 0.582990397805213
0.1416015625, 0.916323731138546
0.6416015625, 0.0644718792866941
0.3916015625, 0.397805212620027
0.8916015625, 0.731138545953361
0.0791015625, 0.175582990397805
0.5791015625, 0.508916323731139
0.3291015625, 0.842249657064472
0.8291015625, 0.286694101508916
0.2041015625, 0.62002743484225
0.7041015625, 0.953360768175583
0.4541015625, 0.101508916323731
0.9541015625, 0.434842249657064
0.0478515625, 0.768175582990398
0.5478515625, 0.212620027434842
0.2978515625, 0.545953360768176
0.7978515625, 0.879286694101509
0.1728515625, 0.323731138545953
0.6728515625, 0.657064471879287
0.4228515625, 0.99039780521262
0.9228515625, 0.00685871056241426
0.1103515625, 0.340192043895748
0.6103515625, 0.673525377229081
0.3603515625, 0.117969821673525
0.8603515625, 0.451303155006859
0.2353515625, 0.784636488340192
0.7353515625, 0.229080932784636
0.4853515625, 0.56241426611797
0.9853515625, 0.895747599451303
0.0087890625, 0.0438957475994513
0.5087890625, 0.377229080932785
0.2587890625, 0.710562414266118
0.7587890625, 0.155006858710562
0.1337890625, 0.488340192043896
0.6337890625, 0.821673525377229
0.3837890625, 0.266117969821674
0.8837890625, 0.599451303155007
0.0712890625, 0.93278463648834
0.5712890625, 0.0809327846364883
0.3212890625, 0.414266117969822
0.8212890625, 0.747599451303155
0.1962890625, 0.192043895747599
0.6962890625, 0.525377229080933
0.4462890625, 0.858710562414266
0.9462890625, 0.303155006858711
0.0400390625, 0.636488340192044
0.5400390625, 0.969821673525377
0.2900390625, 0.0192043895747599
0.7900390625, 0.352537722908093
0.1650390625, 0.685871056241427
0.6650390625, 0.130315500685871
0.4150390625, 0.463648834019204
0.9150390625, 0.796982167352538
0.1025390625, 0.241426611796982
0.6025390625, 0.574759945130316
0.3525390625, 0.908093278463649
0.8525390625, 0.056241426611797
0.2275390625, 0.38957475994513
0.7275390625, 0.722908093278464
0.4775390625, 0.167352537722908
0.9775390625, 0.500685871056241
0.0244140625, 0.834019204389575
0.5244140625, 0.278463648834019
0.2744140625, 0.611796982167353
0.7744140625, 0.945130315500686
0.1494140625, 0.093278463648834
0.6494140625, 0.426611796982167
0.3994140625, 0.759945130315501
0.8994140625, 0.204389574759945
0.0869140625, 0.537722908093278
0.5869140625, 0.871056241426612
0.3369140625, 0.315500685871056
0.8369140625, 0.64883401920439
0.2119140625, 0.982167352537723
0.7119140625, 0.0315500685871056
0.4619140625, 0.364883401920439
0.9619140625, 0.698216735253772
0.0556640625, 0.142661179698217
0.5556640625, 0.47599451303155
0.3056640625, 0.809327846364883
0.8056640625, 0.253772290809328
0.1806640625, 0.587105624142661
0.6806640625, 0.920438957475994
0.4306640625, 0.0685871056241426
0.9306640625, 0.401920438957476
0.1181640625, 0.735253772290809
0.6181640625, 0.179698216735254
0.3681640625, 0.513031550068587
0.8681640625, 0.84636488340192
0.2431640625, 0.290809327846365
0.7431640625, 0.624142661179698
0.4931640625, 0.957475994513031
0.9931640625, 0.10562414266118
0.0048828125, 0.438957475994513
0.5048828125, 0.772290809327846
0.2548828125, 0.216735253772291
0.7548828125, 0.550068587105624
0.1298828125, 0.883401920438957
0.6298828125, 0.327846364883402
0.3798828125, 0.661179698216735
0.8798828125, 0.994513031550069
0.0673828125, 0.0109739368998628
0.5673828125, 0.344307270233196
0.3173828125, 0.677640603566529
0.8173828125, 0.122085048010974
0.1923828125, 0.455418381344307
0.6923828125, 0.78875171467764
0.4423828125, 0.233196159122085
0.9423828125, 0.566529492455418
0.0361328125, 0.899862825788752
0.5361328125, 0.0480109739368999
0.2861328125, 0.381344307270233
0.7861328125, 0.714677640603567
0.1611328125, 0.159122085048011
0.6611328125, 0.492455418381344
0.4111328125, 0.825788751714677
0.9111328125, 0.270233196159122
0.0986328125, 0.603566529492455
0.5986328125, 0.936899862825789
0.3486328125, 0.0850480109739369
0.8486328125, 0.41838134430727
0.2236328125, 0.751714677640604
0.7236328125, 0.196159122085048
0.4736328125, 0.529492455418381
0.9736328125, 0.862825788751715
0.0205078125, 0.307270233196159
0.5205078125, 0.640603566529492
0.2705078125, 0.973936899862826
0.7705078125, 0.0233196159122085
0.1455078125, 0.356652949245542
0.6455078125, 0.689986282578875
0.3955078125, 0.13443072702332
0.8955078125, 0.467764060356653
0.0830078125, 0.801097393689986
0.5830078125, 0.245541838134431
0.3330078125, 0.578875171467764
0.8330078125, 0.912208504801097
0.2080078125, 0.0603566529492455
0.7080078125, 0.393689986282579
0.4580078125, 0.727023319615912
0.9580078125, 0.171467764060357
0.0517578125, 0.50480109739369
0.5517578125, 0.838134430727023
0.3017578125, 0.282578875171468
0.8017578125, 0.615912208504801
0.1767578125, 0.949245541838134
0.6767578125, 0.0973936899862826
0.4267578125, 0.430727023319616
0.9267578125, 0.764060356652949
0.1142578125, 0.208504801097394
0.6142578125, 0.541838134430727
0.3642578125, 0.87517146776406
0.8642578125, 0.319615912208505
0.2392578125, 0.652949245541838
0.7392578125, 0.986282578875171
0.4892578125, 0.0356652949245542
0.9892578125, 0.368998628257888
0.0126953125, 0.702331961591221
0.5126953125, 0.146776406035665
0.2626953125, 0.480109739368999
0.7626953125, 0.813443072702332
0.1376953125, 0.257887517146776
0.6376953125, 0.59122085048011
0.3876953125, 0.924554183813443
0.8876953125, 0.0727023319615912
0.0751953125, 0.406035665294925
0.5751953125, 0.739368998628258
0.3251953125, 0.183813443072702
0.8251953125, 0.517146776406036
0.2001953125, 0.850480109739369
0.7001953125, 0.294924554183813
0.4501953125, 0.628257887517147
0.9501953125, 0.96159122085048
0.0439453125, 0.109739368998628
0.5439453125, 0.443072702331962
0.2939453125, 0.776406035665295
0.7939453125, 0.220850480109739
0.1689453125, 0.554183813443073
0.6689453125, 0.887517146776406
0.4189453125, 0.331961591220851
0.9189453125, 0.665294924554184
0.1064453125, 0.998628257887517
0.6064453125, 0.000457247370827618
0.3564453125, 0.333790580704161
0.8564453125, 0.667123914037494
0.2314453125, 0.111568358481939
0.7314453125, 0.444901691815272
0.4814453125, 0.778235025148605
0.9814453125, 0.22267946959305
0.0283203125, 0.556012802926383
0.5283203125, 0.889346136259716
0.2783203125, 0.0374942844078647
0.7783203125, 0.370827617741198
0.1533203125, 0.704160951074531
0.6533203125, 0.148605395518976
0.4033203125, 0.481938728852309
0.9033203125, 0.815272062185642
0.0908203125, 0.259716506630087
0.5908203125, 0.59304983996342
0.3408203125, 0.926383173296753
0.8408203125, 0.0745313214449017
0.2158203125, 0.407864654778235
0.7158203125, 0.741197988111568
0.4658203125, 0.185642432556013
0.9658203125, 0.518975765889346
0.0595703125, 0.852309099222679
0.5595703125, 0.296753543667124
0.3095703125, 0.630086877000457
0.8095703125, 0.963420210333791
0.1845703125, 0.0128029263831733
0.6845703125, 0.346136259716507
0.4345703125, 0.67946959304984
0.9345703125, 0.123914037494284
0.1220703125, 0.457247370827618
0.6220703125, 0.790580704160951
0.3720703125, 0.235025148605396
0.8720703125, 0.568358481938729
0.2470703125, 0.901691815272062
0.7470703125, 0.0498399634202103
0.4970703125, 0.383173296753544
0.9970703125, 0.716506630086877
0.0029296875, 0.160951074531321
0.5029296875, 0.494284407864655
0.2529296875, 0.827617741197988
0.7529296875, 0.272062185642433
0.1279296875, 0.605395518975766
0.6279296875, 0.938728852309099
0.3779296875, 0.0868770004572474
0.8779296875, 0.420210333790581
0.0654296875, 0.753543667123914
0.5654296875, 0.197988111568358
0.3154296875, 0.531321444901692
0.8154296875, 0.864654778235025
0.1904296875, 0.30909922267947
0.6904296875, 0.642432556012803
0.4404296875, 0.975765889346136
0.9404296875, 0.025148605395519
0.0341796875, 0.358481938728852
0.5341796875, 0.691815272062186
0.2841796875, 0.13625971650663
0.7841796875, 0.469593049839963
0.1591796875, 0.802926383173297
0.6591796875, 0.247370827617741
0.4091796875, 0.580704160951075
0.9091796875, 0.914037494284408
0.0966796875, 0.062185642432556
0.5966796875, 0.395518975765889
0.3466796875, 0.728852309099223
0.8466796875, 0.173296753543667
0.2216796875, 0.506630086877001
0.7216796875, 0.839963420210334
0.4716796875, 0.284407864654778
0.9716796875, 0.617741197988112
0.0185546875, 0.951074531321445
0.5185546875, 0.099222679469593
0.2685546875, 0.432556012802926
0.7685546875, 0.76588934613626
0.1435546875, 0.210333790580704
0.6435546875, 0.543667123914037
0.3935546875, 0.877000457247371
0.8935546875, 0.321444901691815
0.0810546875, 0.654778235025149
0.5810546875, 0.988111568358482
0.3310546875, 0.00457247370827618
0.8310546875, 0.337905807041609
0.2060546875, 0.671239140374943
0.7060546875, 0.115683584819387
0.4560546875, 0.449016918152721
0.9560546875, 0.782350251486054
0.0498046875, 0.226794695930498
0.5498046875, 0.560128029263832
0.2998046875, 0.893461362597165
0.7998046875, 0.0416095107453132
0.1748046875, 0.374942844078647
0.6748046875, 0.70827617741198
0.4248046875, 0.152720621856424
0.9248046875, 0.486053955189758
0.1123046875, 0.819387288523091
0.6123046875, 0.263831732967535
0.3623046875, 0.597165066300869
0.8623046875, 0.930498399634202
0.2373046875, 0.0786465477823502
0.7373046875, 0.411979881115684
0.4873046875, 0.745313214449017
0.9873046875, 0.189757658893461
0.0107421875, 0.523090992226795
0.5107421875, 0.856424325560128
0.2607421875, 0.300868770004572
0.7607421875, 0.634202103337906
0.1357421875, 0.967535436671239
0.6357421875, 0.0169181527206219
0.3857421875, 0.350251486053955
0.8857421875, 0.683584819387288
0.0732421875, 0.128029263831733
0.5732421875, 0.461362597165066
0.3232421875, 0.7946959304984
0.8232421875, 0.239140374942844
0.1982421875, 0.572473708276177
0.6982421875, 0.905807041609511
0.4482421875, 0.0539551897576589
0.9482421875, 0.387288523090992
0.0419921875, 0.720621856424326
0.5419921875, 0.16506630086877
0.2919921875, 0.498399634202103
0.7919921875, 0.831732967535437
0.1669921875, 0.276177411979881
0.6669921875, 0.609510745313214
0.4169921875, 0.942844078646548
0.9169921875, 0.0909922267946959
0.1044921875, 0.424325560128029
0.6044921875, 0.757658893461363
0.3544921875, 0.202103337905807
0.8544921875, 0.53543667123914
0.2294921875, 0.868770004572474
0.7294921875, 0.313214449016918
0.4794921875, 0.646547782350251
0.9794921875, 0.979881115683585
0.0263671875, 0.0292638317329675
0.5263671875, 0.362597165066301
0.2763671875, 0.695930498399634
0.7763671875, 0.140374942844079
0.1513671875, 0.473708276177412
0.6513671875, 0.807041609510745
0.4013671875, 0.25148605395519
0.9013671875, 0.584819387288523
0.0888671875, 0.918152720621856
0.5888671875, 0.0663008687700046
0.3388671875, 0.399634202103338
0.8388671875, 0.732967535436671
0.2138671875, 0.177411979881116
0.7138671875, 0.510745313214449
0.4638671875, 0.844078646547782
0.9638671875, 0.288523090992227
0.0576171875, 0.62185642432556
0.5576171875, 0.955189757658893
0.3076171875, 0.103337905807042
0.8076171875, 0.436671239140375
0.1826171875, 0.770004572473708
0.6826171875, 0.214449016918153
0.4326171875, 0.547782350251486
0.9326171875, 0.881115683584819
0.1201171875, 0.325560128029264
0.6201171875, 0.658893461362597
0.3701171875, 0.99222679469593
0.8701171875, 0.00868770004572474
0.2451171875, 0.342021033379058
0.7451171875, 0.675354366712391
0.4951171875, 0.119798811156836
0.9951171875, 0.453132144490169
0.0068359375, 0.786465477823502
0.5068359375, 0.230909922267947
0.2568359375, 0.56424325560128
0.7568359375, 0.897576588934614
0.1318359375, 0.0457247370827618
0.6318359375, 0.379058070416095
0.3818359375, 0.712391403749428
0.8818359375, 0.156835848193873
0.0693359375, 0.490169181527206
0.5693359375, 0.823502514860539
0.3193359375, 0.267946959304984
0.8193359375, 0.601280292638317
0.1943359375, 0.934613625971651
0.6943359375, 0.0827617741197988
0.4443359375, 0.416095107453132
0.9443359375, 0.749428440786465
0.0380859375, 0.19387288523091
0.5380859375, 0.527206218564243
0.2880859375, 0.860539551897576
0.7880859375, 0.304983996342021
0.1630859375, 0.638317329675354
0.6630859375, 0.971650663008688
0.4130859375, 0.0210333790580704
0.9130859375, 0.354366712391404
0.1005859375, 0.687700045724737
0.6005859375, 0.132144490169182
0.3505859375, 0.465477823502515
0.8505859375, 0.798811156835848
0.2255859375, 0.243255601280293
0.7255859375, 0.576588934613626
0.4755859375, 0.909922267946959
0.9755859375, 0.0580704160951074
0.0224609375, 0.391403749428441
0.5224609375, 0.724737082761774
0.2724609375, 0.169181527206219
0.7724609375, 0.502514860539552
0.1474609375, 0.835848193872885
0.6474609375, 0.28029263831733
0.3974609375, 0.613625971650663
0.8974609375, 0.946959304983996
0.0849609375, 0.0951074531321445
0.5849609375, 0.428440786465478
0.3349609375, 0.761774119798811
0.8349609375, 0.206218564243256
0.2099609375, 0.539551897576589
0.7099609375, 0.872885230909922
0.4599609375, 0.317329675354367
0.9599609375, 0.6506630086877
0.0537109375, 0.983996342021033
0.5537109375, 0.0333790580704161
0.3037109375, 0.366712391403749
0.8037109375, 0.700045724737083
0.1787109375, 0.144490169181527
0.6787109375, 0.477823502514861
0.4287109375, 0.811156835848194
0.9287109375, 0.255601280292638
0.1162109375, 0.588934613625972
0.6162109375, 0.922267946959305
0.3662109375, 0.0704160951074531
0.8662109375, 0.403749428440786
0.2412109375, 0.73708276177412
0.7412109375, 0.181527206218564
0.4912109375, 0.514860539551898
0.9912109375, 0.848193872885231
0.0146484375, 0.292638317329675
0.5146484375, 0.625971650663009
0.2646484375, 0.959304983996342
0.7646484375, 0.10745313214449
0.1396484375, 0.440786465477824
0.6396484375, 0.774119798811157
0.3896484375, 0.218564243255601
0.8896484375, 0.551897576588935
0.0771484375, 0.885230909922268
0.5771484375, 0.329675354366712
0.3271484375, 0.663008687700046
0.8271484375, 0.996342021033379
0.2021484375, 0.00182898948331047
0.7021484375, 0.335162322816644
0.4521484375, 0.668495656149977
0.9521484375, 0.112940100594422
0.0458984375, 0.446273433927755
0.5458984375, 0.779606767261088
0.2958984375, 0.224051211705533
0.7958984375, 0.557384545038866
0.1708984375, 0.890717878372199
0.6708984375, 0.0388660265203475
0.4208984375, 0.372199359853681
0.9208984375, 0.705532693187014
0.1083984375, 0.149977137631459
0.6083984375, 0.483310470964792
0.3583984375, 0.816643804298125
0.8583984375, 0.26108824874257
0.2333984375, 0.594421582075903
0.7333984375, 0.927754915409236
0.4833984375, 0.0759030635573845
0.9833984375, 0.409236396890718
0.0302734375, 0.742569730224051
0.5302734375, 0.187014174668496
0.2802734375, 0.520347508001829
0.7802734375, 0.853680841335162
0.1552734375, 0.298125285779607
0.6552734375, 0.63145861911294
0.4052734375, 0.964791952446273
0.9052734375, 0.0141746684956561
