5 4
10 0
15 0
20 1
25 2
30 3
35 5
40 9
45 10
50 10
55 13
60 17
65 21
70 30
75 37
80 40
85 45
90 49
95 66
100 79
105 87
110 130
115 118
120 152
125 162
130 185
135 203
140 203
145 249
150 251
155 307
160 337
165 382
170 399
175 459
180 486
185 548
190 581
195 634
200 689
205 744
210 780
215 836
220 1411
225 1184
230 1129
235 1101
240 1179
245 1383
250 1355
255 1398
260 1552
265 1644
270 1689
275 1782
280 2004
285 1990
290 2169
295 2228
300 2393
305 2606
310 2841
315 2713
320 2925
325 3054
330 3242
335 3661
340 3625
345 3642
350 4394


5 0
10 0
15 0
20 0
25 0
30 1
35 1
40 2
45 3
50 4
55 5
60 8
65 9
70 12
75 15
80 21
85 21
90 27
95 32
100 34
105 47
110 59
115 60
120 80
125 73
130 84
135 111
140 103
145 133
150 153
155 154
160 168
165 224
170 185
175 195
180 244
185 260
190 259
195 303
200 325
205 369
210 390
215 420
220 546
225 560
230 537
235 573
240 608
245 712
250 720
255 742
260 772
265 833
270 881
275 919
280 970
285 1061
290 1131
295 1152
300 1196
305 1413
310 1446
315 1432
320 1460
325 1673
330 1661
335 1717
340 1839
345 1876
350 1951
