1 117 5
2 100 5
3 88 5
4 72 5
6 53 5
9 29.5 1
10 25.2 1
13 15.2 1
15 11.1 1


0 141.333899083703 0
0.1 138.922759254471 0
0.2 136.552753189422 0
0.3 134.223179151339 0
0.4 131.93334737456 0
0.5 129.682579860742 0
0.6 127.470210178118 0
0.7 125.295583264166 0
0.8 123.158055231658 0
0.9 121.056993178003 0
1 118.991774997856 0
1.1 116.961789198919 0
1.2 114.966434720876 0
1.3 113.005120757436 0
1.4 111.077266581389 0
1.5 109.182301372667 0
1.6 107.319664049324 0
1.7 105.488803101407 0
1.8 103.689176427658 0
1.9 101.920251175006 0
2 100.181503580786 0
2.1 98.4724188176679 0
2.2 96.792490841213 0
2.3 95.1412222400428 0
2.4 93.5181240885584 0
2.5 91.9227158021748 0
2.6 90.3545249950239 0
2.7 88.8130873400854 0
2.8 87.2979464317038 0
2.9 85.8086536504508 0
3 84.3447680302933 0
3.1 82.9058561280271 0
3.2 81.4914918949387 0
3.3 80.1012565506558 0
3.4 78.7347384591505 0
3.5 77.3915330068574 0
3.6 76.0712424828715 0
3.7 74.7734759611891 0
3.8 73.4978491849588 0
3.9 72.2439844527064 0
4 71.0115105065003 0
4.1 69.8000624220263 0
4.2 68.6092815005363 0
4.3 67.4388151626409 0
4.4 66.2883168439142 0
4.5 65.1574458922786 0
4.6 64.0458674671416 0
4.7 62.9532524402518 0
4.8 61.8792772982475 0
4.9 60.8236240468675 0
5 59.7859801167951 0
5.1 58.7660382711099 0
5.2 57.7634965143176 0
5.3 56.7780580029317 0
5.4 55.809430957581 0
5.5 54.8573285766162 0
5.6 53.9214689511908 0
5.7 53.0015749817904 0
5.8 52.0973742961858 0
5.9 51.2085991687864 0
5.99999999999999 50.3349864413689 0
6.09999999999999 49.4762774451585 0
6.19999999999999 48.6322179242396 0
6.29999999999999 47.8025579602729 0
6.39999999999999 46.9870518984968 0
6.49999999999999 46.1854582749912 0
6.59999999999999 45.3975397451823 0
6.69999999999999 44.6230630135671 0
6.79999999999999 43.8617987646366 0
6.89999999999999 43.1135215949778 0
6.99999999999999 42.3780099465334 0
7.09999999999999 41.6550460410008 0
7.19999999999999 40.9444158153499 0
7.29999999999999 40.2459088584408 0
7.39999999999999 39.5593183487232 0
7.49999999999999 38.8844409929983 0
7.59999999999999 38.2210769662255 0
7.69999999999999 37.5690298523562 0
7.79999999999999 36.9281065861764 0
7.89999999999999 36.2981173961425 0
7.99999999999999 35.678875748191 0
8.09999999999999 35.070198290508 0
8.19999999999999 34.4719047992398 0
8.29999999999999 33.883818125131 0
8.39999999999999 33.3057641410717 0
8.49999999999999 32.73757169054 0
8.59999999999999 32.1790725369246 0
8.69999999999999 31.6301013137109 0
8.79999999999998 31.0904954755178 0
8.89999999999998 30.5600952499697 0
8.99999999999998 30.0387435903886 0
9.09999999999998 29.5262861292951 0
9.19999999999998 29.0225711327004 0
9.29999999999998 28.5274494551802 0
9.39999999999998 28.0407744957137 0
9.49999999999998 27.5624021542763 0
9.59999999999998 27.0921907891731 0
9.69999999999998 26.6300011751 0
9.79999999999998 26.1756964619203 0
9.89999999999998 25.7291421341446 0
9.99999999999998 25.2902059711022 0
10.1 24.8587580077915 0
10.2 24.4346704963988 0
10.3 24.017817868473 0
10.4 23.6080766977462 0
10.5 23.2053256635884 0
10.6 22.8094455150853 0
10.7 22.420319035729 0
10.8 22.037831008712 0
10.9 21.6618681828118 0
11 21.2923192388586 0
11.1 20.9290747567748 0
11.2 20.5720271831763 0
11.3 20.2210707995274 0
11.4 19.8761016908383 0
11.5 19.5370177148965 0
11.6 19.203718472024 0
11.7 18.8761052753496 0
11.8 18.5540811215886 0
11.9 18.2375506623207 0
12 17.9264201757591 0
12.1 17.6205975389992 0
12.2 17.3199922007428 0
12.3 17.024515154486 0
12.4 16.7340789121656 0
12.5 16.4485974782546 0
12.6 16.1679863242997 0
12.7 15.8921623638928 0
12.8 15.6210439280707 0
12.9 15.3545507411329 0
13 15.092603896873 0
13.1 14.8351258352154 0
13.2 14.5820403192503 0
13.3 14.3332724126605 0
13.4 14.088748457534 0
13.5 13.8483960525537 0
13.6 13.6121440315611 0
13.7 13.3799224424835 0
13.8 13.1516625266228 0
13.9 12.927296698296 0
14 12.7067585248242 0
14.1 12.4899827068621 0
14.2 12.2769050590636 0
14.3 12.0674624910772 0
14.4 11.8615929888655 0
14.5 11.6592355963431 0
14.6 11.4603303973285 0
14.7 11.2648184978033 0
14.8 11.072642008474 0
14.9 10.8837440276318 0
15 10.6980686243044 0
15.1 10.5155608216955 0
15.2 10.3361665809062 0
15.3 10.1598327849352 0
15.4 9.98650722295103 0
15.5 9.81613857483275 0
15.6 9.6486763959748 0
15.7 9.4840711023507 0
15.8 9.32227395583167 0
15.9 9.16323704975572 0
16 9.00691329474291 0
