1 117 5
2 100 5
3 88 5
4 72 5
6 53 5
9 29.5 1
10 25.2 1
13 15.2 1
15 11.1 1


0 141.333899083703 0
0.1 138.922759254471 0
0.2 136.552753189422 0
0.3 134.223179151339 0
0.4 131.93334737456 0
0.5 129.682579860742 0
0.6 127.470210178118 0
0.7 125.295583264166 0
0.8 123.158055231658 0
0.9 121.056993178003 0
1 118.991774997856 0
1.1 116.961789198919 0
1.2 114.966434720876 0
1.3 113.005120757436 0
1.4 111.077266581389 0
1.5 109.182301372667 0
1.6 107.319664049324 0
1.7 105.488803101407 0
1.8 103.689176427658 0
1.9 101.920251175006 0
2 100.181503580786 0
2.1 98.4724188176679 0
2.2 96.792490841213 0
2.3 95.1412222400428 0
2.4 93.5181240885584 0
2.5 91.9227158021748 0
2.6 90.3545249950239 0
2.7 88.8130873400854 0
2.8 87.2979464317038 0
2.9 85.8086536504508 0
3 84.3447680302933 0
3.1 82.9058561280271 0
3.2 81.4914918949387 0
3.3 80.1012565506558 0
3.4 78.7347384591505 0
3.5 77.3915330068574 0
3.6 76.0712424828715 0
3.7 74.7734759611891 0
3.8 73.4978491849588 0
3.9 72.2439844527064 0
4 71.0115105065003 0
4.1 69.8000624220263 0
4.2 68.6092815005363 0
4.3 67.4388151626409 0
4.4 66.2883168439142 0
4.5 65.1574458922786 0
4.6 64.0458674671416 0
4.7 62.9532524402518 0
4.8 61.8792772982475 0
4.9 60.8236240468675 0
5 59.7859801167951 0
5.1 58.7660382711099 0
5.2 57.7634965143176 0
5.3 56.7780580029317 0
5.4 55.809430957581 0
5.5 54.8573285766162 0
5.6 53.9214689511908 0
5.7 53.0015749817904 0
5.8 52.0973742961858 0
5.9 51.2085991687864 0
5.99999999999999 50.3349864413689 0
6.09999999999999 49.4762774451585 0
6.19999999999999 48.6322179242396 0
6.29999999999999 47.8025579602729 0
6.39999999999999 46.9870518984968 0
6.49999999999999 46.1854582749912 0
6.59999999999999 45.3975397451823 0
6.69999999999999 44.6230630135671 0
6.79999999999999 43.8617987646366 0
6.89999999999999 43.1135215949778 0
6.99999999999999 42.3780099465334 0
7.09999999999999 41.6550460410008 0
7.19999999999999 40.9444158153499 0
7.29999999999999 40.2459088584408 0
7.39999999999999 39.5593183487232 0
7.49999999999999 38.8844409929983 0
7.59999999999999 38.2210769662255 0
7.69999999999999 37.5690298523562 0
7.79999999999999 36.9281065861764 0
7.89999999999999 36.2981173961425 0
7.99999999999999 35.678875748191 0
8.09999999999999 35.070198290508 0
8.19999999999999 34.4719047992398 0
8.29999999999999 33.883818125131 0
8.39999999999999 33.3057641410717 0
8.49999999999999 32.73757169054 0
8.59999999999999 32.1790725369246 0
8.69999999999999 31.6301013137109 0
8.79999999999998 31.0904954755178 0
8.89999999999998 30.5600952499697 0
8.99999999999998 30.0387435903886 0
9.09999999999998 29.5262861292951 0
9.19999999999998 29.0225711327004 0
9.29999999999998 28.5274494551802 0
9.39999999999998 28.0407744957137 0
9.49999999999998 27.5624021542763 0
9.59999999999998 27.0921907891731 0
9.69999999999998 26.6300011751 0
9.79999999999998 26.1756964619203 0
9.89999999999998 25.7291421341446 0
9.99999999999998 25.2902059711022 0
10.1 24.8587580077915 0
10.2 24.4346704963988 0
10.3 24.017817868473 0
10.4 23.6080766977462 0
10.5 23.2053256635884 0
10.6 22.8094455150853 0
10.7 22.420319035729 0
10.8 22.037831008712 0
10.9 21.6618681828118 0
11 21.2923192388586 0
11.1 20.9290747567748 0
11.2 20.5720271831763 0
11.3 20.2210707995274 0
11.4 19.8761016908383 0
11.5 19.5370177148965 0
11.6 19.203718472024 0
11.7 18.8761052753496 0
11.8 18.5540811215886 0
11.9 18.2375506623207 0
12 17.9264201757591 0
12.1 17.6205975389992 0
12.2 17.3199922007428 0
12.3 17.024515154486 0
12.4 16.7340789121656 0
12.5 16.4485974782546 0
12.6 16.1679863242997 0
12.7 15.8921623638928 0
12.8 15.6210439280707 0
12.9 15.3545507411329 0
13 15.092603896873 0
13.1 14.8351258352154 0
13.2 14.5820403192503 0
13.3 14.3332724126605 0
13.4 14.088748457534 0
13.5 13.8483960525537 0
13.6 13.6121440315611 0
13.7 13.3799224424835 0
13.8 13.1516625266228 0
13.9 12.927296698296 0
14 12.7067585248242 0
14.1 12.4899827068621 0
14.2 12.2769050590636 0
14.3 12.0674624910772 0
14.4 11.8615929888655 0
14.5 11.6592355963431 0
14.6 11.4603303973285 0
14.7 11.2648184978033 0
14.8 11.072642008474 0
14.9 10.8837440276318 0
15 10.6980686243044 0
15.1 10.5155608216955 0
15.2 10.3361665809062 0
15.3 10.1598327849352 0
15.4 9.98650722295103 0
15.5 9.81613857483275 0
15.6 9.6486763959748 0
15.7 9.4840711023507 0
15.8 9.32227395583167 0
15.9 9.16323704975572 0
16 9.00691329474291 0


0 145.889641183156 0
0.1 143.458571419901 0
0.2 141.068012416326 0
0.3 138.717289110911 0
0.4 136.405737691198 0
0.5 134.132705406341 0
0.6 131.897550382773 0
0.7 129.699641442957 0
0.8 127.538357927144 0
0.9 125.413089518109 0
1 123.323236068808 0
1.1 121.268207432901 0
1.2 119.247423298102 0
1.3 117.260313022314 0
1.4 115.306315472477 0
1.5 113.384878866121 0
1.6 111.495460615542 0
1.7 109.63752717459 0
1.8 107.810553887997 0
1.9 106.014024843225 0
2 104.247432724777 0
2.1 102.51027867094 0
2.2 100.802072132911 0
2.3 99.1223307362739 0
2.4 97.4705801447852 0
2.5 95.8463539264242 0
2.6 94.2491934216816 0
2.7 92.6786476140391 0
2.8 91.1342730026091 0
2.9 89.6156334768957 0
3 88.1223001936425 0
3.1 86.6538514557343 0
3.2 85.2098725931145 0
3.3 83.7899558456883 0
3.4 82.3937002481766 0
3.5 81.0207115168889 0
3.6 79.6706019383831 0
3.7 78.3429902599802 0
3.8 77.0375015821039 0
3.9 75.7537672524137 0
4 74.491424761703 0
4.1 73.2501176415311 0
4.2 72.0294953635609 0
4.3 70.8292132405755 0
4.4 69.6489323291422 0
4.5 68.4883193338999 0
4.6 67.3470465134411 0
4.7 66.2247915877618 0
4.8 65.1212376472543 0
4.9 64.036073063216 0
5 62.9689913998499 0
5.1 61.9196913277312 0
5.2 60.8878765387156 0
5.3 59.8732556622665 0
5.4 58.8755421831754 0
5.5 57.8944543606542 0
5.6 56.9297151487751 0
5.7 55.981052118237 0
5.8 55.0481973794347 0
5.9 54.1308875068109 0
5.99999999999999 53.2288634644679 0
6.09999999999999 52.3418705330201 0
6.19999999999999 51.4696582376639 0
6.29999999999999 50.6119802774475 0
6.39999999999999 49.7685944557186 0
6.49999999999999 48.9392626117317 0
6.59999999999999 48.1237505533942 0
6.69999999999999 47.3218279911341 0
6.79999999999999 46.5332684728692 0
6.89999999999999 45.7578493200603 0
6.99999999999999 44.9953515648294 0
7.09999999999999 44.2455598881265 0
7.19999999999999 43.5082625589262 0
7.29999999999999 42.7832513744378 0
7.39999999999999 42.0703216013118 0
7.49999999999999 41.3692719178255 0
7.59999999999999 40.679904357033 0
7.69999999999999 40.0020242508619 0
7.79999999999999 39.3354401751413 0
7.89999999999999 38.6799638955467 0
7.99999999999999 38.0354103144448 0
8.09999999999999 37.4015974186247 0
8.19999999999999 36.7783462278995 0
8.29999999999999 36.1654807445651 0
8.39999999999999 35.5628279037008 0
8.49999999999999 34.9702175242976 0
8.59999999999999 34.3874822612021 0
8.69999999999999 33.8144575578598 0
8.79999999999998 33.2509815998472 0
8.89999999999998 32.6968952691771 0
8.99999999999998 32.1520420993661 0
9.09999999999998 31.6162682312506 0
9.19999999999998 31.0894223695388 0
9.29999999999998 30.5713557400872 0
9.39999999999998 30.0619220478887 0
9.49999999999998 29.5609774357608 0
9.59999999999998 29.0683804437226 0
9.69999999999998 28.583991969048 0
9.79999999999998 28.1076752269851 0
9.89999999999998 27.6392957121302 0
9.99999999999998 27.178721160445 0
10.1 26.7258215119076 0
10.2 26.2804688737844 0
10.3 25.8425374845158 0
10.4 25.4119036782024 0
10.5 24.9884458496834 0
10.6 24.5720444201971 0
10.7 24.1625818036134 0
10.8 23.7599423732292 0
10.9 23.3640124291166 0
11 22.9746801660162 0
11.1 22.5918356417641 0
11.2 22.2153707462464 0
11.3 21.8451791708699 0
11.4 21.4811563785421 0
11.5 21.1231995741513 0
11.6 20.771207675539 0
11.7 20.4250812849551 0
11.8 20.0847226609898 0
11.9 19.7500356909725 0
12 19.4209258638309 0
12.1 19.0973002434025 0
12.2 18.7790674421903 0
12.3 18.466137595557 0
12.4 18.1584223363474 0
12.5 17.8558347699355 0
12.6 17.5582894496863 0
12.7 17.2657023528271 0
12.8 16.97799085672 0
12.9 16.6950737155312 0
13 16.4168710372876 0
13.1 16.1433042613168 0
13.2 15.8742961360624 0
13.3 15.6097706972693 0
13.4 15.3496532465324 0
13.5 15.0938703302029 0
13.6 14.8423497186456 0
13.7 14.5950203858429 0
13.8 14.3518124893372 0
13.9 14.1126573505091 0
14 13.877487435183 0
14.1 13.6462363345563 0
14.2 13.418838746447 0
14.3 13.1952304568528 0
14.4 12.9753483218178 0
14.5 12.759130249602 0
14.6 12.546515183147 0
14.7 12.3374430828347 0
14.8 12.1318549095324 0
14.9 11.9296926079216 0
15 11.7308990901033 0
15.1 11.5354182194776 0
15.2 11.3431947948914 0
15.3 11.1541745350503 0
15.4 10.96830406319 0
15.5 10.7855308920042 0
15.6 10.6058034088219 0
15.7 10.4290708610336 0
15.8 10.2552833417589 0
15.9 10.0843917757534 0
16 9.91634790555098 0


0 136.920420587809 0
0.1 134.530358471131 0
0.2 132.182016916637 0
0.3 129.874667656517 0
0.4 127.60759513549 0
0.5 125.380096288901 0
0.6 123.191480324685 0
0.7 121.041068509138 0
0.8 118.928193956431 0
0.9 116.852201421789 0
1 114.812447098294 0
1.1 112.808298417222 0
1.2 110.839133851875 0
1.3 108.904342724828 0
1.4 107.00332501855 0
1.5 105.135491189326 0
1.6 103.300261984425 0
1.7 101.497068262466 0
1.8 99.7253508169113 0
1.9 97.9845602026497 0
2 96.2741565655999 0
2.1 94.5936094752915 0
2.2 92.9423977603683 0
2.3 91.3200093469622 0
2.4 89.725941099889 0
2.5 88.1596986666161 0
2.6 86.6207963239537 0
2.7 85.1087568274225 0
2.8 83.6231112632504 0
2.9 82.1633989029533 0
3 80.7291670604534 0
3.1 79.3199709516926 0
3.2 77.9353735566961 0
3.3 76.5749454840434 0
3.4 75.2382648377056 0
3.5 73.924917086207 0
3.6 72.6344949340704 0
3.7 71.3665981955069 0
3.8 70.1208336703101 0
3.9 68.8968150219168 0
4 67.694162657596 0
4.1 66.5125036107306 0
4.2 65.3514714251515 0
4.3 64.2107060414935 0
4.4 63.0898536855328 0
4.5 61.9885667584751 0
4.6 60.9065037291577 0
4.7 59.8433290281345 0
4.8 58.7987129436085 0
4.9 57.772331519182 0
5 56.7638664533911 0
5.1 55.773005000994 0
5.2 54.7994398759823 0
5.3 53.842869156286 0
5.4 52.9029961901407 0
5.5 51.9795295040902 0
5.6 51.0721827125951 0
5.7 50.1806744292183 0
5.8 49.3047281793617 0
5.9 48.4440723145263 0
5.99999999999999 47.5984399280676 0
6.09999999999999 46.7675687724234 0
6.19999999999999 45.951201177785 0
6.29999999999999 45.1490839721891 0
6.39999999999999 44.3609684030036 0
6.49999999999999 43.5866100597847 0
6.59999999999999 42.8257687984804 0
6.69999999999999 42.0782086669568 0
6.79999999999999 41.3436978318246 0
6.89999999999999 40.6220085065433 0
6.99999999999999 39.9129168807793 0
7.09999999999999 39.2162030509987 0
7.19999999999999 38.5316509522702 0
7.29999999999999 37.8590482912592 0
7.39999999999999 37.1981864803913 0
7.49999999999999 36.5488605731654 0
7.59999999999999 35.9108692005952 0
7.69999999999999 35.2840145087612 0
7.79999999999999 34.6681020974518 0
7.89999999999999 34.062940959876 0
7.99999999999999 33.4683434234285 0
8.09999999999999 32.8841250914885 0
8.19999999999999 32.3101047862347 0
8.29999999999999 31.7461044924584 0
8.39999999999999 31.1919493023574 0
8.49999999999999 30.6474673612935 0
8.59999999999999 30.1124898144973 0
8.69999999999999 29.5868507547023 0
8.79999999999998 29.0703871706944 0
8.89999999999998 28.5629388967585 0
8.99999999999998 28.0643485630079 0
9.09999999999998 27.5744615465807 0
9.19999999999998 27.0931259236885 0
9.29999999999998 26.6201924225013 0
9.39999999999998 26.1555143768557 0
9.49999999999998 25.6989476807705 0
9.59999999999998 25.2503507437568 0
9.69999999999998 24.8095844469077 0
9.79999999999998 24.376512099755 0
9.89999999999998 23.9509993978785 0
9.99999999999998 23.5329143812556 0
10.1 23.122127393338 0
10.2 22.7185110408422 0
10.3 22.3219401542428 0
10.4 21.9322917489546 0
10.5 21.5494449871927 0
10.6 21.1732811404982 0
10.7 20.8036835529182 0
10.8 20.4405376048285 0
10.9 20.0837306773876 0
11 19.7331521176115 0
11.1 19.388693204058 0
11.2 19.0502471131099 0
11.3 18.7177088858466 0
11.4 18.3909753954948 0
11.5 18.0699453154466 0
11.6 17.7545190878357 0
11.7 17.4445988926631 0
11.8 17.1400886174608 0
11.9 16.8408938274854 0
12 16.5469217364322 0
12.1 16.2580811776601 0
12.2 15.9742825759191 0
12.3 15.6954379195711 0
12.4 15.421460733296 0
12.5 15.1522660512737 0
12.6 14.8877703908344 0
12.7 14.6278917265696 0
12.8 14.3725494648933 0
12.9 14.1216644190495 0
13 13.8751587845537 0
13.1 13.6329561150651 0
13.2 13.3949812986785 0
13.3 13.1611605346307 0
13.4 12.9314213104134 0
13.5 12.7056923792858 0
13.6 12.4839037381792 0
13.7 12.2659866059882 0
13.8 12.0518734022396 0
13.9 11.8414977261349 0
14 11.6347943359578 0
14.1 11.4316991288416 0
14.2 11.2321491208894 0
14.3 11.0360824276418 0
14.4 10.843438244885 0
14.5 10.6541568297945 0
14.6 10.4681794824074 0
14.7 10.2854485274185 0
14.8 10.1059072962939 0
14.9 9.92950010969712 0
15 9.75617226022177 0
15.1 9.5858699954256 0
15.2 9.41854050116085 0
15.3 9.25413188519554 0
15.4 9.09259316112063 0
15.5 8.93387423253809 0
15.6 8.77792587752505 0
15.7 8.62469973336906 0
15.8 8.47414828156983 0
15.9 8.32622483310285 0
16 8.18088351394011 0
