0 0
0.5 -1
1 1
1.5 -1
2 0
2.5 0
3 -1
3.5 1
4 0
4.5 -1


0 0
0.01 -0.0430128912368638
0.02 -0.0859705294335431
0.03 -0.128817661549853
0.04 -0.17149903454561
0.05 -0.213959395380628
0.06 -0.256143491014724
0.07 -0.297996068407712
0.08 -0.339461874519409
0.09 -0.380485656309629
0.1 -0.421012160738188
0.11 -0.460986134764902
0.12 -0.500352325349586
0.13 -0.539055479452055
0.14 -0.577040344032125
0.15 -0.614251666049611
0.16 -0.65063419246433
0.17 -0.686132670236095
0.18 -0.720691846324723
0.19 -0.75425646769003
0.2 -0.786771281291829
0.21 -0.818181034089938
0.22 -0.848430473044172
0.23 -0.877464345114345
0.24 -0.905227397260274
0.25 -0.931664376441774
0.26 -0.95672002961866
0.27 -0.980339103750748
0.28 -1.00246634579785
0.29 -1.02304650271979
0.3 -1.04202432147638
0.31 -1.05934454902743
0.32 -1.07495193233275
0.33 -1.08879121835218
0.34 -1.10080715404551
0.35 -1.11094448637257
0.36 -1.11914796229317
0.37 -1.12536232876712
0.38 -1.12953233275425
0.39 -1.13160272121437
0.4 -1.13151824110728
0.41 -1.12922363939282
0.42 -1.12466366303079
0.43 -1.117783058981
0.44 -1.10852657420329
0.45 -1.09683895565745
0.46 -1.08266495030331
0.47 -1.06594930510067
0.48 -1.04663676700937
0.49 -1.02467208298921
0.5 -0.999999999999999
0.51 -0.97259651804175
0.52 -0.942562649275197
0.53 -0.910030658901261
0.54 -0.875132812120866
0.55 -0.838001374134935
0.56 -0.79876861014439
0.57 -0.757566785350154
0.58 -0.71452816495315
0.59 -0.6697850141543
0.6 -0.623469598154528
0.61 -0.575714182154756
0.62 -0.526651031355906
0.63 -0.476412410958902
0.64 -0.425130586164667
0.65 -0.372937822174122
0.66 -0.31996638418819
0.67 -0.266348537407796
0.68 -0.21221654703386
0.69 -0.157702678267306
0.7 -0.102939196309057
0.71 -0.0480583663600354
0.72 0.0068075463788364
0.73 0.0615262767066352
0.74 0.115965559422439
0.75 0.169993129325324
0.76 0.223476721214367
0.77 0.276284069888648
0.78 0.328282910147242
0.79 0.379340976789226
0.8 0.429326004613678
0.81 0.478105728419676
0.820000000000001 0.525547883006296
0.830000000000001 0.571520203172616
0.840000000000001 0.615890423717714
0.850000000000001 0.658526279440665
0.860000000000001 0.699295505140548
0.870000000000001 0.73806583561644
0.880000000000001 0.774705005667419
0.890000000000001 0.80908075009256
0.900000000000001 0.841060803690942
0.910000000000001 0.870512901261643
0.920000000000001 0.897304777603738
0.930000000000001 0.921304167516306
0.940000000000001 0.942378805798423
0.950000000000001 0.960396427249169
0.960000000000001 0.975224766667617
0.970000000000001 0.986731558852847
0.980000000000001 0.994784538603936
0.990000000000001 0.999251440719961
1 1
1.01 0.996942963403867
1.02 0.990173126534331
1.03 0.979828297154899
1.04 0.966046283029077
1.05 0.94896489192037
1.06 0.928721931592286
1.07 0.905455209808331
1.08 0.879302534332012
1.09 0.850401712926834
1.1 0.818890553356304
1.11 0.784906863383929
1.12 0.748588450773215
1.13 0.710073123287668
1.14 0.669498688690795
1.15 0.627002954746102
1.16 0.582723729217095
1.17 0.536798819867282
1.18 0.489366034460167
1.19 0.440563180759259
1.2 0.390528066528062
1.21 0.339398499530084
1.22 0.287312287528831
1.23 0.234407238287809
1.24 0.180821159570525
1.25 0.126691859140485
1.26 0.0721571447611947
1.27 0.0173548241961617
1.28 -0.0375772947911078
1.29 -0.0925014044371081
1.3 -0.147279696978332
1.31 -0.201774364651274
1.32 -0.255847599692427
1.33 -0.309361594338284
1.34 -0.36217854082534
1.35 -0.414160631390089
1.36 -0.465170058269022
1.37 -0.515069013698635
1.38 -0.563719689915421
1.39 -0.610984279155873
1.4 -0.656724973656485
1.41 -0.700803965653751
1.42 -0.743083447384163
1.43 -0.783425611084217
1.44 -0.821692648990406
1.45 -0.857746753339223
1.46 -0.891450116367161
1.47 -0.922664930310714
1.48 -0.951253387406376
1.49 -0.977077679890641
1.5 -1
1.51 -1.01991933557372
1.52 -1.03688185686213
1.53 -1.05097052971834
1.54 -1.06226831999544
1.55 -1.07085819354655
1.56 -1.07682311622476
1.57 -1.08024605388318
1.58 -1.0812099723749
1.59 -1.07979783755304
1.6 -1.0760926152707
1.61 -1.07017727138097
1.62 -1.06213477173696
1.63 -1.05204808219178
1.64 -1.04000016859852
1.65 -1.0260739968103
1.66 -1.0103525326802
1.67 -0.992918742061342
1.68 -0.973855590806821
1.69 -0.953246044769741
1.7 -0.931173069803204
1.71 -0.907719631760314
1.72 -0.882968696494173
1.73 -0.857003229857884
1.74 -0.82990619770455
1.75 -0.801760565887274
1.76 -0.772649300259159
1.77 -0.742655366673308
1.78 -0.711861730982823
1.79 -0.680351359040807
1.8 -0.648207216700363
1.81 -0.615512269814594
1.82 -0.582349484236603
1.83 -0.548801825819492
1.84 -0.514952260416365
1.85 -0.480883753880324
1.86 -0.446679272064473
1.87 -0.412421780821913
1.88 -0.378194246005748
1.89 -0.344079633469081
1.9 -0.310160909065014
1.91 -0.27652103864665
1.92 -0.243242988067093
1.93 -0.210409723179444
1.94 -0.178104209836808
1.95 -0.146409413892286
1.96 -0.115408301198982
1.97 -0.0851838376099978
1.98 -0.0558189889784366
1.99 -0.0273967211574022
2 3.57797692024029E-15
2.01 0.0263023788910119
2.02 0.0514983009141936
2.03 0.0755898217184535
2.04 0.0985789969526967
2.05 0.120467882265828
2.06 0.141258533306753
2.07 0.160953005724375
2.08 0.179553355167601
2.09 0.197061637285335
2.1 0.213479907726482
2.11 0.228810222139947
2.12 0.243054636174634
2.13 0.25621520547945
2.14 0.268293985703299
2.15 0.279293032495085
2.16 0.289214401503715
2.17 0.298060148378092
2.18 0.305832328767121
2.19 0.312532998319709
2.2 0.318164212684759
2.21 0.322728027511177
2.22 0.326226498447867
2.23 0.328661681143735
2.24 0.330035631247686
2.25 0.330350404408624
2.26 0.329608056275454
2.27 0.327810642497082
2.28 0.324960218722412
2.29 0.32105884060035
2.29999999999999 0.316108563779799
2.30999999999999 0.310111443909667
2.31999999999999 0.303069536638856
2.32999999999999 0.294984897616272
2.33999999999999 0.285859582490821
2.34999999999999 0.275695646911407
2.35999999999999 0.264495146526935
2.36999999999999 0.25226013698631
2.37999999999999 0.238992673938437
2.38999999999999 0.224694813032221
2.39999999999999 0.209368609916566
2.40999999999999 0.193016120240379
2.41999999999999 0.175639399652564
2.42999999999999 0.157240503802025
2.43999999999999 0.137821488337669
2.44999999999999 0.117384408908399
2.45999999999999 0.0959313211631207
2.46999999999999 0.0734642807507391
2.47999999999999 0.0499853433201592
2.48999999999999 0.025496564520286
2.49999999999999 2.40293895892307E-14
2.50999999999999 -0.0264901799902913
2.51999999999999 -0.0539113467946073
2.52999999999999 -0.0821887571554409
2.53999999999999 -0.111247667815309
2.54999999999999 -0.141013335516729
2.55999999999999 -0.171411017002217
2.56999999999999 -0.202365969014291
2.57999999999999 -0.233803448295468
2.58999999999999 -0.265648711588265
2.59999999999999 -0.297827015635198
2.60999999999999 -0.330263617178785
2.61999999999999 -0.362883772961542
2.62999999999999 -0.395612739725988
2.63999999999999 -0.428375774214638
2.64999999999999 -0.46109813317001
2.65999999999999 -0.493705073334621
2.66999999999999 -0.526121851450988
2.67999999999999 -0.558273724261627
2.68999999999999 -0.590085948509057
2.69999999999999 -0.621483780935793
2.70999999999999 -0.652392478284354
2.71999999999999 -0.682737297297255
2.72999999999999 -0.712443494717015
2.73999999999999 -0.741436327286149
2.74999999999999 -0.769641051747175
2.75999999999999 -0.796982924842611
2.76999999999998 -0.823387203314973
2.77999999999998 -0.848779143906777
2.78999999999998 -0.873084003360542
2.79999999999998 -0.896227038418784
2.80999999999998 -0.91813350582402
2.81999999999998 -0.938728662318767
2.82999999999998 -0.957937764645542
2.83999999999998 -0.975686069546863
2.84999999999998 -0.991898833765246
2.85999999999998 -1.00650131404321
2.86999999999998 -1.01941876712327
2.87999999999998 -1.03057644974794
2.88999999999998 -1.03989961865974
2.89999999999998 -1.04731353060119
2.90999999999998 -1.0527434423148
2.91999999999998 -1.0561146105431
2.92999999999998 -1.05735229202859
2.93999999999998 -1.0563817435138
2.94999999999998 -1.05312822174124
2.95999999999998 -1.04751698345343
2.96999999999998 -1.03947328539289
2.97999999999998 -1.02892238430213
2.98999999999998 -1.01578953692368
2.99999999999998 -1.00000000000003
3.00999999999998 -0.981509658929781
3.01999999999998 -0.960396913735699
3.02999999999998 -0.936770793096625
3.03999999999998 -0.910740325691396
3.04999999999998 -0.882414540198849
3.05999999999998 -0.85190246529782
3.06999999999998 -0.819313129667147
3.07999999999998 -0.784755561985666
3.08999999999998 -0.748338790932215
3.09999999999998 -0.71017184518563
3.10999999999998 -0.670363753424748
3.11999999999998 -0.629023544328406
3.12999999999998 -0.586260246575441
3.13999999999998 -0.54218288884469
3.14999999999998 -0.49690049981499
3.15999999999998 -0.450522108165177
3.16999999999998 -0.403156742574088
3.17999999999998 -0.354913431720561
3.18999999999998 -0.305901204283433
3.19999999999998 -0.256229088941539
3.20999999999998 -0.206006114373717
3.21999999999998 -0.155341309258805
3.22999999999998 -0.104343702275638
3.23999999999997 -0.0531223221030536
3.24999999999997 -0.00178619741988895
3.25999999999997 0.0495556430950189
3.26999999999997 0.100794170762834
3.27999999999997 0.151820356904718
3.28999999999997 0.202525172841835
3.29999999999997 0.252799589895348
3.30999999999997 0.30253457938642
3.31999999999997 0.351621112636215
3.32999999999997 0.399950160965894
3.33999999999997 0.447412695696623
3.34999999999997 0.493899688149562
3.35999999999997 0.539302109645876
3.36999999999997 0.583510931506728
3.37999999999997 0.626417125053281
3.38999999999997 0.667911661606697
3.39999999999997 0.707885512488141
3.40999999999997 0.746229649018774
3.41999999999997 0.782835042519761
3.42999999999997 0.817592664312264
3.43999999999997 0.850393485717447
3.44999999999997 0.881128478056473
3.45999999999997 0.909688612650504
3.46999999999997 0.935964860820703
3.47999999999997 0.959848193888235
3.48999999999997 0.981229583174262
3.49999999999997 0.999999999999947
3.50999999999997 1.01608081570924
3.51999999999997 1.02951500173721
3.52999999999997 1.04037592954173
3.53999999999997 1.04873697058067
3.54999999999997 1.05467149631189
3.55999999999997 1.05825287819325
3.56999999999997 1.05955448768262
3.57999999999997 1.05864969623787
3.58999999999997 1.05561187531685
3.59999999999997 1.05051439637743
3.60999999999997 1.04343063087748
3.61999999999997 1.03443395027486
3.62999999999997 1.02359772602744
3.63999999999997 1.01099532959307
3.64999999999997 0.996700132429636
3.65999999999997 0.980785505994987
3.66999999999997 0.963324821746994
3.67999999999997 0.944391451143519
3.68999999999997 0.924058765642428
3.69999999999997 0.902400136701584
3.70999999999996 0.879488935778854
3.71999999999996 0.855398534332101
3.72999999999996 0.83020230381919
3.73999999999996 0.803973615697985
3.74999999999996 0.776785841426352
3.75999999999996 0.748712352462154
3.76999999999996 0.719826520263257
3.77999999999996 0.690201716287525
3.78999999999996 0.659911311992822
3.79999999999996 0.629028678837014
3.80999999999996 0.597627188277963
3.81999999999996 0.565780211773537
3.82999999999996 0.533561120781599
3.83999999999996 0.501043286760013
3.84999999999996 0.468300081166644
3.85999999999996 0.435404875459358
3.86999999999996 0.402431041096017
3.87999999999996 0.369451949534488
3.88999999999996 0.336540972232634
3.89999999999996 0.303771480648321
3.90999999999996 0.271216846239412
3.91999999999996 0.238950440463773
3.92999999999996 0.207045634779268
3.93999999999996 0.175575800643761
3.94999999999996 0.144614309515118
3.95999999999996 0.114234532851202
3.96999999999996 0.0845098421098791
3.97999999999996 0.0555136087490136
3.98999999999996 0.0273192042264687
3.99999999999996 1.10356168647741E-13
4.00999999999996 -0.0263896039072782
4.01999999999996 -0.0518710932132364
4.02999999999996 -0.0764849250703863
4.03999999999996 -0.100271556631349
4.04999999999996 -0.123271445048747
4.05999999999996 -0.145525047475202
4.06999999999996 -0.167072821063334
4.07999999999996 -0.187955222965766
4.08999999999996 -0.208212710335118
4.09999999999996 -0.227885740324013
4.10999999999996 -0.247014770085072
4.11999999999996 -0.265640256770917
4.12999999999996 -0.283802657534168
4.13999999999996 -0.301542429527449
4.14999999999996 -0.318900029903379
4.15999999999996 -0.335915915814581
4.16999999999996 -0.352630544413676
4.17999999999996 -0.369084372853286
4.18999999999996 -0.385317858286032
4.19999999999995 -0.401371457864537
4.20999999999995 -0.41728562874142
4.21999999999995 -0.433100828069304
4.22999999999995 -0.448857513000811
4.23999999999995 -0.464596140688561
4.24999999999995 -0.480357168285178
4.25999999999995 -0.496181052943281
4.26999999999995 -0.512108251815492
4.27999999999995 -0.528179222054434
4.28999999999995 -0.544434420812728
4.29999999999995 -0.560914305242994
4.30999999999995 -0.577659332497855
4.31999999999995 -0.594709959729933
4.32999999999995 -0.612106644091848
4.33999999999995 -0.629889842736222
4.34999999999995 -0.648100012815677
4.35999999999995 -0.666777611482835
4.36999999999995 -0.685963095890316
4.37999999999995 -0.705696923190743
4.38999999999995 -0.726019550536737
4.39999999999995 -0.746971435080919
4.40999999999995 -0.768593033975911
4.41999999999995 -0.790924804374335
4.42999999999995 -0.814007203428812
4.43999999999995 -0.837880688291964
4.44999999999995 -0.862585716116411
4.45999999999995 -0.888162744054777
4.46999999999995 -0.914652229259681
4.47999999999995 -0.942094628883747
4.48999999999995 -0.970530400079594
4.49999999999995 -0.999999999999846


0 -4.30221000768946
0.01 -4.29944735568023
0.02 -4.29115939965255
0.03 -4.27734613960641
0.04 -4.25800757554182
0.05 -4.23314370745878
0.06 -4.20275453535728
0.07 -4.16684005923732
0.08 -4.12540027909891
0.09 -4.07843519494204
0.1 -4.02594480676673
0.11 -3.96792911457295
0.12 -3.90438811836072
0.13 -3.83532181813004
0.14 -3.7607302138809
0.15 -3.68061330561331
0.16 -3.59497109332726
0.17 -3.50380357702275
0.18 -3.4071107566998
0.19 -3.30489263235839
0.2 -3.19714920399852
0.21 -3.0838804716202
0.22 -2.96508643522342
0.23 -2.84076709480819
0.24 -2.7109224503745
0.25 -2.57555250192236
0.26 -2.43465724945177
0.27 -2.28823669296272
0.28 -2.13629083245521
0.29 -1.97881966792926
0.3 -1.81582319938484
0.31 -1.64730142682197
0.32 -1.47325435024065
0.33 -1.29368196964087
0.34 -1.10858428502264
0.35 -0.917961296385951
0.36 -0.721813003730809
0.37 -0.520139407057212
0.38 -0.31294050636516
0.39 -0.100216301654654
0.4 0.118033207074308
0.41 0.341808019821723
0.42 0.571108136587593
0.43 0.805933557371919
0.44 1.0462842821747
0.45 1.29216031099593
0.46 1.54356164383562
0.47 1.80048828069377
0.48 2.06294022157037
0.49 2.33091746646542
0.5 2.60442001537893
0.51 2.87407195625552
0.52 3.13049737703985
0.53 3.3736962777319
0.54 3.60366865833168
0.55 3.82041451883918
0.56 4.02393385925441
0.57 4.21422667957737
0.58 4.39129297980805
0.59 4.55513275994646
0.6 4.7057460199926
0.61 4.84313275994646
0.62 4.96729297980805
0.63 5.07822667957737
0.64 5.17593385925441
0.65 5.26041451883918
0.66 5.33166865833167
0.67 5.3896962777319
0.68 5.43449737703985
0.69 5.46607195625552
0.7 5.48442001537892
0.71 5.48954155441005
0.72 5.4814365733489
0.73 5.46010507219548
0.74 5.42554705094979
0.75 5.37776250961182
0.76 5.31675144818158
0.77 5.24251386665907
0.78 5.15504976504428
0.79 5.05435914333722
0.8 4.94044200153789
0.81 4.81329833964628
0.820000000000001 4.67292815766239
0.830000000000001 4.51933145558624
0.840000000000001 4.35250823341782
0.850000000000001 4.17245849115711
0.860000000000001 3.97918222880413
0.870000000000001 3.77267944635888
0.880000000000001 3.55295014382136
0.890000000000001 3.31999432119157
0.900000000000001 3.07381197846949
0.910000000000001 2.81440311565515
0.920000000000001 2.54176773274854
0.930000000000001 2.25590582974965
0.940000000000001 1.95681740665848
0.950000000000001 1.64450246347505
0.960000000000001 1.31896100019933
0.970000000000001 0.98019301683135
0.980000000000001 0.628198513371093
0.990000000000001 0.26297748981856
1 -0.115470053826244
1.01 -0.493640469341864
1.02 -0.858030108506845
1.03 -1.20863897132119
1.04 -1.54546705778489
1.05 -1.86851436789795
1.06 -2.17778090166038
1.07 -2.47326665907216
1.08 -2.7549716401333
1.09 -3.02289584484381
1.1 -3.27703927320368
1.11 -3.5174019252129
1.12 -3.74398380087149
1.13 -3.95678490017944
1.14 -4.15580522313674
1.15 -4.34104476974341
1.16 -4.51250353999944
1.17 -4.67018153390483
1.18 -4.81407875145958
1.19 -4.9441951926637
1.2 -5.06053085751717
1.21 -5.16308574602
1.22 -5.25185985817219
1.23 -5.32685319397375
1.24 -5.38806575342466
1.25 -5.43549753652494
1.26 -5.46914854327457
1.27 -5.48901877367357
1.28 -5.49510822772192
1.29 -5.48741690541964
1.3 -5.46594480676672
1.31 -5.43069193176316
1.32 -5.38165828040896
1.33 -5.31884385270412
1.34 -5.24224864864864
1.35 -5.15187266824252
1.36 -5.04771591148576
1.37 -4.92977837837836
1.38 -4.79806006892033
1.39 -4.65256098311165
1.4 -4.49328112095233
1.41 -4.32022048244238
1.42 -4.13337906758179
1.43 -3.93275687637055
1.44 -3.71835390880868
1.45 -3.49017016489617
1.46 -3.24820564463301
1.47 -2.99246034801922
1.48 -2.72293427505479
1.49 -2.43962742573972
1.5 -2.14253980007401
1.51 -1.84271007888813
1.52 -1.55117694301253
1.53 -1.26794039244721
1.54 -0.993000427192177
1.55 -0.726357047247428
1.56 -0.468010252612963
1.57 -0.217960043288782
1.58 0.0237935807251154
1.59 0.257250619428729
1.6 0.482411072822058
1.61 0.699274940905104
1.62 0.907842223677865
1.63 1.10811292114034
1.64 1.30008703329254
1.65 1.48376456013444
1.66 1.65914550166607
1.67 1.82622985788741
1.68 1.98501762879847
1.69 2.13550881439924
1.7 2.27770341468973
1.71 2.41160142966994
1.72 2.53720285933986
1.73 2.6545077036995
1.74 2.76351596274885
1.75 2.86422763648792
1.76 2.95664272491671
1.77 3.04076122803521
1.78 3.11658314584343
1.79 3.18410847834136
1.8 3.24333722552901
1.81 3.29426938740638
1.82 3.33690496397346
1.83 3.37124395523026
1.84 3.39728636117677
1.85 3.415032181813
1.86 3.42448141713895
1.87 3.42563406715462
1.88 3.41849013185999
1.89 3.40304961125509
1.9 3.3793125053399
1.91 3.34727881411443
1.92 3.30694853757867
1.93 3.25832167573262
1.94 3.2013982285763
1.95 3.13617819610969
1.96 3.0626615783328
1.97 2.98084837524562
1.98 2.89073858684816
1.99 2.79233221314042
2 2.68562925412239
2.01 2.57488078489447
2.02 2.46433788055705
2.03 2.35400054111012
2.04 2.24386876655369
2.05 2.13394255688776
2.06 2.02422191211232
2.07 1.91470683222738
2.08 1.80539731723294
2.09 1.69629336712899
2.1 1.58739498191554
2.11 1.47870216159258
2.12 1.37021490616012
2.13 1.26193321561816
2.14 1.1538570899667
2.15 1.04598652920573
2.16 0.938321533335254
2.17 0.830862102355278
2.18 0.723608236265797
2.19 0.616559935066813
2.2 0.509717198758326
2.21 0.403080027340335
2.22 0.29664842081284
2.23 0.190422379175842
2.24 0.0844019024293397
2.25 -0.0214130094266657
2.26 -0.127022356392175
2.27 -0.232426138467188
2.28 -0.337624355651704
2.29 -0.442617007945724
2.29999999999999 -0.547404095349248
2.30999999999999 -0.651985617862275
2.31999999999999 -0.756361575484806
2.32999999999999 -0.86053196821684
2.33999999999999 -0.964496796058379
2.34999999999999 -1.06825605900942
2.35999999999999 -1.17180975706997
2.36999999999999 -1.27515789024001
2.37999999999999 -1.37830045851957
2.38999999999999 -1.48123746190862
2.39999999999999 -1.58396890040718
2.40999999999999 -1.68649477401525
2.41999999999999 -1.78881508273281
2.42999999999999 -1.89092982655988
2.43999999999999 -1.99283900549646
2.44999999999999 -2.09454261954254
2.45999999999999 -2.19604066869812
2.46999999999999 -2.2973331529632
2.47999999999999 -2.39842007233779
2.48999999999999 -2.49930142682188
2.49999999999999 -2.59997721641548
2.50999999999999 -2.69681306068968
2.51999999999999 -2.78617457921559
2.52999999999999 -2.8680617719932
2.53999999999999 -2.94247463902251
2.54999999999999 -3.00941318030353
2.55999999999999 -3.06887739583624
2.56999999999999 -3.12086728562066
2.57999999999999 -3.16538284965678
2.58999999999999 -3.2024240879446
2.59999999999999 -3.23199100048412
2.60999999999999 -3.25408358727535
2.61999999999999 -3.26870184831827
2.62999999999999 -3.2758457836129
2.63999999999999 -3.27551539315923
2.64999999999999 -3.26771067695727
2.65999999999999 -3.252431635007
2.66999999999999 -3.22967826730844
2.67999999999999 -3.19945057386158
2.68999999999999 -3.16174855466642
2.69999999999999 -3.11657220972296
2.70999999999999 -3.06392153903121
2.71999999999999 -3.00379654259115
2.72999999999999 -2.9361972204028
2.73999999999999 -2.86112357246615
2.74999999999999 -2.7785755987812
2.75999999999999 -2.68855329934796
2.76999999999998 -2.59105667416642
2.77999999999998 -2.48608572323657
2.78999999999998 -2.37364044655843
2.79999999999998 -2.253720844132
2.80999999999998 -2.12632691595726
2.81999999999998 -1.99145866203423
2.82999999999998 -1.8491160823629
2.83999999999998 -1.69929917694327
2.84999999999998 -1.54200794577534
2.85999999999998 -1.37724238885911
2.86999999999998 -1.20500250619459
2.87999999999998 -1.02528829778177
2.88999999999998 -0.838099763620648
2.89999999999998 -0.64343690371123
2.90999999999998 -0.441299718053514
2.91999999999998 -0.2316882066475
2.92999999999998 -0.014602369493188
2.93999999999998 0.209957793409422
2.94999999999998 0.44199228206033
2.95999999999998 0.681501096459536
2.96999999999998 0.92848423660704
2.97999999999998 1.18294170250284
2.98999999999998 1.44487349414694
2.99999999999998 1.71427961153934
3.00999999999998 1.98197145786408
3.01999999999998 2.23876043630513
3.02999999999998 2.48464654686249
3.03999999999998 2.71962978953616
3.04999999999998 2.94371016432614
3.05999999999998 3.15688767123244
3.06999999999998 3.35916231025504
3.07999999999998 3.55053408139395
3.08999999999998 3.73100298464918
3.09999999999998 3.90056902002071
3.10999999999998 4.05923218750856
3.11999999999998 4.20699248711271
3.12999999999998 4.34384991883318
3.13999999999998 4.46980448266996
3.14999999999998 4.58485617862305
3.15999999999998 4.68900500669245
3.16999999999998 4.78225096687816
3.17999999999998 4.86459405918018
3.18999999999998 4.93603428359851
3.19999999999998 4.99657164013315
3.20999999999998 5.0462061287841
3.21999999999998 5.08493774955137
3.22999999999998 5.11276650243494
3.23999999999997 5.12969238743482
3.24999999999997 5.13571540455102
3.25999999999997 5.13083555378353
3.26999999999997 5.11505283513234
3.27999999999997 5.08836724859747
3.28999999999997 5.05077879417891
3.29999999999997 5.00228747187666
3.30999999999997 4.94289328169071
3.31999999999997 4.87259622362108
3.32999999999997 4.79139629766777
3.33999999999997 4.69929350383076
3.34999999999997 4.59628784211006
3.35999999999997 4.48237931250567
3.36999999999997 4.35756791501759
3.37999999999997 4.22185364964583
3.38999999999997 4.07523651639037
3.39999999999997 3.91771651525123
3.40999999999997 3.74929364622839
3.41999999999997 3.56996790932187
3.42999999999997 3.37973930453165
3.43999999999997 3.17860783185775
3.44999999999997 2.96657349130016
3.45999999999997 2.74363628285888
3.46999999999997 2.50979620653391
3.47999999999997 2.26505326232525
3.48999999999997 2.0094074502329
3.49999999999997 1.74285877025686
3.50999999999997 1.47452722923216
3.51999999999997 1.21353283399391
3.52999999999997 0.95987558454212
3.53999999999997 0.713555480876793
3.54999999999997 0.474572522997927
3.55999999999997 0.242926710905521
3.56999999999997 0.0186180445995753
3.57999999999997 -0.19835347591991
3.58999999999997 -0.407987850652934
3.59999999999997 -0.610285079599497
3.60999999999997 -0.805245162759601
3.61999999999997 -0.992868100133243
3.62999999999997 -1.17315389172043
3.63999999999997 -1.34610253752115
3.64999999999997 -1.51171403753541
3.65999999999997 -1.66998839176321
3.66999999999997 -1.82092560020455
3.67999999999997 -1.96452566285943
3.68999999999997 -2.10078857972785
3.69999999999997 -2.2297143508098
3.70999999999996 -2.3513029761053
3.71999999999996 -2.46555445561434
3.72999999999996 -2.57246878933692
3.73999999999996 -2.67204597727303
3.74999999999996 -2.76428601942269
3.75999999999996 -2.84918891578588
3.76999999999996 -2.92675466636262
3.77999999999996 -2.99698327115289
3.78999999999996 -3.0598747301567
3.79999999999996 -3.11542904337406
3.80999999999996 -3.16364621080495
3.81999999999996 -3.20452623244938
3.82999999999996 -3.23806910830735
3.83999999999996 -3.26427483837886
3.84999999999996 -3.28314342266391
3.85999999999996 -3.2946748611625
3.86999999999996 -3.29886915387463
3.87999999999996 -3.2957263008003
3.88999999999996 -3.28524630193951
3.89999999999996 -3.26742915729225
3.90999999999996 -3.24227486685854
3.91999999999996 -3.20978343063837
3.92999999999996 -3.16995484863173
3.93999999999996 -3.12278912083864
3.94999999999996 -3.06828624725909
3.95999999999996 -3.00644622789307
3.96999999999996 -2.93726906274059
3.97999999999996 -2.86075475180165
3.98999999999996 -2.77690329507626
3.99999999999996 -2.6857146925644
4.00999999999996 -2.59288037479034
4.01999999999996 -2.50409177227843
4.02999999999996 -2.41934888502868
4.03999999999996 -2.33865171304108
4.04999999999996 -2.26200025631564
4.05999999999996 -2.18939451485235
4.06999999999996 -2.12083448865121
4.07999999999996 -2.05632017771222
4.08999999999996 -1.99585158203539
4.09999999999996 -1.93942870162072
4.10999999999996 -1.88705153646819
4.11999999999996 -1.83872008657782
4.12999999999996 -1.79443435194961
4.13999999999996 -1.75419433258354
4.14999999999996 -1.71800002847963
4.15999999999996 -1.68585143963787
4.16999999999996 -1.65774856605827
4.17999999999996 -1.63369140774082
4.18999999999996 -1.61367996468553
4.19999999999995 -1.59771423689238
4.20999999999995 -1.58579422436139
4.21999999999995 -1.57791992709256
4.22999999999995 -1.57409134508587
4.23999999999995 -1.57430847834135
4.24999999999995 -1.57857132685897
4.25999999999995 -1.58687989063875
4.26999999999995 -1.59923416968068
4.27999999999995 -1.61563416398476
4.28999999999995 -1.636079873551
4.29999999999995 -1.66057129837939
4.30999999999995 -1.68910843846994
4.31999999999995 -1.72169129382264
4.32999999999995 -1.75831986443749
4.33999999999995 -1.79899415031449
4.34999999999995 -1.84371415145365
4.35999999999995 -1.89247986785496
4.36999999999995 -1.94529129951843
4.37999999999995 -2.00214844644405
4.38999999999995 -2.06305130863182
4.39999999999995 -2.12799988608175
4.40999999999995 -2.19699417879383
4.41999999999995 -2.27003418676806
4.42999999999995 -2.34711991000445
4.43999999999995 -2.42825134850299
4.44999999999995 -2.51342850226368
4.45999999999995 -2.60265137128653
4.46999999999995 -2.69591995557153
4.47999999999995 -2.79323425511868
4.48999999999995 -2.89459426992799
4.49999999999995 -2.99999999999945


0 0
0.01 -0.000215087478284396
0.02 -0.000860073647936662
0.03 -0.00193412971335403
0.04 -0.00343587434853188
0.05 -0.00536337369706377
0.06 -0.00771414137214137
0.07 -0.0104851384565546
0.08 -0.0136727735026913
0.09 -0.0172729025325378
0.1 -0.0212808290376784
0.11 -0.0256913039792954
0.12 -0.0304985257881696
0.13 -0.0356961403646797
0.14 -0.0412772410788027
0.15 -0.0472343687701136
0.16 -0.0535595117477857
0.17 -0.0602441057905904
0.18 -0.0672790341468972
0.19 -0.0746546275346738
0.2 -0.0823606641414861
0.21 -0.0903863696244981
0.22 -0.098720417110472
0.23 -0.107350927195768
0.24 -0.116265467946345
0.25 -0.125451054897759
0.26 -0.134894151055165
0.27 -0.144580666893316
0.28 -0.154495960356563
0.29 -0.164624836858856
0.3 -0.174951549283741
0.31 -0.185459797984365
0.32 -0.196132730783471
0.33 -0.2069529429734
0.34 -0.217902477316094
0.35 -0.22896282404309
0.36 -0.240114920855524
0.37 -0.251339152924131
0.38 -0.262615352889243
0.39 -0.273922800860793
0.4 -0.285240224418307
0.41 -0.296545798610914
0.42 -0.307817145957338
0.43 -0.319031336445903
0.44 -0.330164887534532
0.45 -0.341193764150742
0.46 -0.352093378691653
0.47 -0.36283859102398
0.48 -0.373403708484038
0.49 -0.383762485877738
0.5 -0.393888125480591
0.51 -0.403753355170307
0.52 -0.413331287885399
0.53 -0.422596281083787
0.54 -0.431524014875402
0.55 -0.440091492022186
0.56 -0.448277037938086
0.57 -0.456060300689061
0.58 -0.46342225099308
0.59 -0.470345182220118
0.6 -0.476812710392163
0.61 -0.482809774183209
0.62 -0.488322634919261
0.63 -0.493338876578333
0.64 -0.497847405790448
0.65 -0.501838451837639
0.66 -0.505303566653946
0.67 -0.508235624825421
0.68 -0.510628823590123
0.69 -0.512478682838123
0.7 -0.513782045111497
0.71 -0.514537075604335
0.72 -0.514743262162732
0.73 -0.514401415284795
0.74 -0.513513668120639
0.75 -0.512083476472389
0.76 -0.510115618794179
0.77 -0.507616196192151
0.78 -0.504592632424458
0.79 -0.501053673901261
0.8 -0.497009389684732
0.81 -0.492471171489049
0.820000000000001 -0.487451733680403
0.830000000000001 -0.481965113276991
0.840000000000001 -0.476026669949021
0.850000000000001 -0.469653086018711
0.860000000000001 -0.462862366460285
0.870000000000001 -0.45567383889998
0.880000000000001 -0.448108153616039
0.890000000000001 -0.440187283538717
0.900000000000001 -0.431934524250277
0.910000000000001 -0.423374493984991
0.920000000000001 -0.41453313362914
0.930000000000001 -0.405437706721014
0.940000000000001 -0.396116799450915
0.950000000000001 -0.386600320661151
0.960000000000001 -0.376919501846039
0.970000000000001 -0.367106897151909
0.980000000000001 -0.357196383377096
0.990000000000001 -0.347223159971947
1 -0.337223749038817
1.01 -0.327235882801668
1.02 -0.317297265771651
1.03 -0.307444336912681
1.04 -0.297712157111041
1.05 -0.288134409175376
1.06 -0.278743397836698
1.07 -0.269570049748383
1.08 -0.260643913486173
1.09 -0.251993159548172
1.1 -0.243644580354854
1.11 -0.235623590249052
1.12 -0.22795422549597
1.13 -0.220659144283171
1.14 -0.213759626720587
1.15 -0.207275574840514
1.16 -0.201225512597613
1.17 -0.195626585868909
1.18 -0.190494562453792
1.19 -0.185843832074018
1.2 -0.181687406373707
1.21 -0.178036918919346
1.22 -0.174902625199783
1.23 -0.172293402626235
1.24 -0.170216750532281
1.25 -0.168678790173867
1.26 -0.167684264729302
1.27 -0.167236539299262
1.28 -0.167337600906787
1.29 -0.16798805849728
1.3 -0.169187142938513
1.31 -0.170932707020619
1.32 -0.173221225456099
1.33 -0.176047794879817
1.34 -0.179406133849002
1.35 -0.183288582843249
1.36 -0.187686104264518
1.37 -0.192588282437132
1.38 -0.197983323607781
1.39 -0.203858055945519
1.4 -0.210197929541766
1.41 -0.216987016410305
1.42 -0.224208010487285
1.43 -0.23184222763122
1.44 -0.23986960562299
1.45 -0.248268704165837
1.46 -0.257016704885371
1.47 -0.266089411329566
1.48 -0.275461248968759
1.49 -0.285105265195655
1.5 -0.294993129325322
1.51 -0.305095224584201
1.52 -0.315381659989179
1.53 -0.325823282226669
1.54 -0.336391767641615
1.55 -0.347059622237492
1.56 -0.357800181676303
1.57 -0.368587611278587
1.58 -0.379396906023411
1.59 -0.390203890548374
1.6 -0.400985219149604
1.61 -0.411718375781763
1.62 -0.422381674058042
1.63 -0.432954257250165
1.64 -0.443416098288384
1.65 -0.453747999761485
1.66 -0.463931593916784
1.67 -0.473949342660127
1.68 -0.483784537555892
1.69 -0.493421299826988
1.7 -0.502844580354855
1.71 -0.512040159679464
1.72 -0.520994647999317
1.73 -0.529695485171447
1.74 -0.538130940711418
1.75 -0.546290113793325
1.76 -0.554162933249794
1.77 -0.561740157571983
1.78 -0.569013374909578
1.79 -0.575975003070801
1.8 -0.5826182895224
1.81 -0.588937311389657
1.82 -0.594926975456384
1.83 -0.600583018164925
1.84 -0.605902005616154
1.85 -0.610881333569476
1.86 -0.615519227442828
1.87 -0.619814742312677
1.88 -0.623767762914021
1.89 -0.62737900364039
1.9 -0.630650008543844
1.91 -0.633583151334976
1.92 -0.636181635382907
1.93 -0.638449493715291
1.94 -0.640391589018313
1.95 -0.642013613636687
1.96 -0.643322089573662
1.97 -0.644324368491015
1.98 -0.645028631709054
1.99 -0.645443890206619
2 -0.645579984621081
2.01 -0.645447549822715
2.02 -0.64505762523282
2.03 -0.644421265141828
2.04 -0.643549503283684
2.05 -0.642453352835844
2.06 -0.641143806419275
2.07 -0.639631836098454
2.08 -0.637928393381369
2.09 -0.63604440921952
2.1 -0.633990794007917
2.11 -0.631778437585083
2.12 -0.629418209233048
2.13 -0.626920957677356
2.14 -0.624297511087062
2.15 -0.621558677074731
2.16 -0.618715242696438
2.17 -0.615777974451771
2.18 -0.612757618283827
2.19 -0.609664899579217
2.2 -0.606510523168058
2.21 -0.603305173323984
2.22 -0.600059513764134
2.23 -0.596784187649163
2.24 -0.593489817583233
2.25 -0.590187005614019
2.26 -0.586886333232707
2.27 -0.583598361373994
2.28 -0.580333630416087
2.29 -0.577102660180704
2.29999999999999 -0.573915949933075
2.30999999999999 -0.57078397838194
2.31999999999999 -0.567717203679551
2.32999999999999 -0.564726063421669
2.33999999999999 -0.561820974647568
2.34999999999999 -0.559012333840032
2.35999999999999 -0.556310516925357
2.36999999999999 -0.553725879273348
2.37999999999999 -0.551268755697322
2.38999999999999 -0.548949460454107
2.39999999999999 -0.546778287244042
2.40999999999999 -0.544765509210978
2.41999999999999 -0.542921378942273
2.42999999999999 -0.541256128468802
2.43999999999999 -0.539779969264946
2.44999999999999 -0.538503092248598
2.45999999999999 -0.537435667781165
2.46999999999999 -0.53658784566756
2.47999999999999 -0.53596975515621
2.48999999999999 -0.535591504939054
2.49999999999999 -0.535463183151539
2.50999999999999 -0.535594827086122
2.51999999999999 -0.535996090040725
2.52999999999999 -0.536675908167202
2.53999999999999 -0.537642470184831
2.54999999999999 -0.538903217380314
2.55999999999999 -0.540464843607779
2.56999999999999 -0.54233329528878
2.57999999999999 -0.544513771412295
2.58999999999999 -0.547010723534728
2.59999999999999 -0.549827855779907
2.60999999999999 -0.552968124839087
2.61999999999999 -0.556433739970947
2.62999999999999 -0.56022616300159
2.63999999999999 -0.564346108324547
2.64999999999999 -0.568793542900772
2.65999999999999 -0.573567686258644
2.66999999999999 -0.57866701049397
2.67999999999999 -0.584089240269978
2.68999999999999 -0.589831352817325
2.69999999999999 -0.59588957793409
2.70999999999999 -0.60225939798578
2.71999999999999 -0.608935547905325
2.72999999999999 -0.615912015193081
2.73999999999999 -0.623182039916829
2.74999999999999 -0.630738114711776
2.75999999999999 -0.638571984780554
2.76999999999998 -0.646674647893218
2.77999999999998 -0.655036354387251
2.78999999999998 -0.66364660716756
2.79999999999998 -0.672494161706476
2.80999999999998 -0.681567026043758
2.81999999999998 -0.690852460786588
2.82999999999998 -0.700336979109573
2.83999999999998 -0.710006346754747
2.84999999999998 -0.719845582031567
2.85999999999998 -0.729838955816917
2.86999999999998 -0.739969991555105
2.87999999999998 -0.750221465257864
2.88999999999998 -0.760575405504353
2.89999999999998 -0.771013093441157
2.90999999999998 -0.781515062782284
2.91999999999998 -0.792061099809168
2.92999999999998 -0.802630243370669
2.93999999999998 -0.813200784883072
2.94999999999998 -0.823750268330086
2.95999999999998 -0.834255490262846
2.96999999999998 -0.844692499799912
2.97999999999998 -0.855036598627269
2.98999999999998 -0.865262340998328
2.99999999999998 -0.875343533733925
3.00999999999998 -0.88525331279396
3.01999999999998 -0.894964985565441
3.02999999999998 -0.904452873150523
3.03999999999998 -0.913692386938152
3.04999999999998 -0.92266002860406
3.05999999999998 -0.931333390110767
3.06999999999998 -0.939691153707584
3.07999999999998 -0.947713091930607
3.08999999999998 -0.955380067602723
3.09999999999998 -0.962674033833607
3.10999999999998 -0.969578034019721
3.11999999999998 -0.976076201844317
3.12999999999998 -0.982153761277434
3.13999999999998 -0.9877970265759
3.14999999999998 -0.992993402283331
3.15999999999998 -0.997731383230132
3.16999999999998 -1.0020005545335
3.17999999999998 -1.00579159159741
3.18999999999998 -1.00909626011263
3.19999999999998 -1.01190741605672
3.20999999999998 -1.01421900569404
3.21999999999998 -1.01602606557571
3.22999999999998 -1.01732472253966
3.23999999999997 -1.01811219371059
3.24999999999997 -1.01838678650001
3.25999999999997 -1.01814789860622
3.26999999999997 -1.01739601801427
3.27999999999997 -1.01613272299605
3.28999999999997 -1.01436068211019
3.29999999999997 -1.01208365420215
3.30999999999997 -1.00930648840416
3.31999999999997 -1.00603512413523
3.32999999999997 -1.00227659110117
3.33999999999997 -0.998039009294576
3.34999999999997 -0.99333158899483
3.35999999999997 -0.988164630768107
3.36999999999997 -0.982549525467365
3.37999999999997 -0.976498754232353
3.38999999999997 -0.97002588848961
3.39999999999997 -0.963145589952459
3.40999999999997 -0.955873610621017
3.41999999999997 -0.948226792782183
3.42999999999997 -0.94022306900965
3.43999999999997 -0.931881462163896
3.44999999999997 -0.923222085392189
3.45999999999997 -0.914266142128584
3.46999999999997 -0.905035926093925
3.47999999999997 -0.895554821295846
3.48999999999997 -0.885847302028766
3.49999999999997 -0.875938932873895
3.50999999999997 -0.865856292699174
3.51999999999997 -0.855626138658649
3.52999999999997 -0.845274570191842
3.53999999999997 -0.8348269530237
3.54999999999997 -0.824307919164588
3.55999999999997 -0.813741366910295
3.56999999999997 -0.80315046084203
3.57999999999997 -0.792557631826423
3.58999999999997 -0.781984577015527
3.59999999999997 -0.771452259846815
3.60999999999997 -0.760980910043181
3.61999999999997 -0.750590023612941
3.62999999999997 -0.740298362849834
3.63999999999997 -0.730123956333016
3.64999999999997 -0.720084098927069
3.65999999999997 -0.710195351781995
3.66999999999997 -0.700473542333215
3.67999999999997 -0.690933764301573
3.68999999999997 -0.681590377693337
3.69999999999997 -0.672457008800191
3.70999999999996 -0.663546550199245
3.71999999999996 -0.654871160753028
3.72999999999996 -0.64644226560949
3.73999999999996 -0.638270556202005
3.74999999999996 -0.630365990249366
3.75999999999996 -0.622737791755787
3.76999999999996 -0.615394451010906
3.77999999999996 -0.608343724589778
3.78999999999996 -0.601592635352885
3.79999999999996 -0.595147472446126
3.80999999999996 -0.589013791300823
3.81999999999996 -0.583196413633718
3.82999999999996 -0.577699427446977
3.83999999999996 -0.572526187028185
3.84999999999996 -0.56767931295035
3.85999999999996 -0.563160692071899
3.86999999999996 -0.558971477536683
3.87999999999996 -0.555112088773973
3.88999999999996 -0.551582211498461
3.89999999999996 -0.548380797710262
3.90999999999996 -0.54550606569491
3.91999999999996 -0.542955500023363
3.92999999999996 -0.540725851551998
3.93999999999996 -0.538813137422614
3.94999999999996 -0.537212641062433
3.95999999999996 -0.535918912184096
3.96999999999996 -0.534925766785667
3.97999999999996 -0.53422628715063
3.98999999999996 -0.533812821847892
3.99999999999996 -0.53367698573178
4.00999999999996 -0.533809707370631
4.01999999999996 -0.534201750761254
4.02999999999996 -0.5348442370434
4.03999999999996 -0.535728691928341
4.04999999999996 -0.536847045698881
4.05999999999996 -0.538191633209347
4.06999999999996 -0.539755193885591
4.07999999999996 -0.541530871724994
4.08999999999996 -0.543512215296463
4.09999999999996 -0.545693177740428
4.10999999999996 -0.54806811676885
4.11999999999996 -0.550631794665212
4.12999999999996 -0.553379378284526
4.13999999999996 -0.556306439053329
4.14999999999996 -0.559408952969684
4.15999999999996 -0.562683300603181
4.16999999999996 -0.566126267094935
4.17999999999996 -0.569735042157589
4.18999999999996 -0.573507220075311
4.19999999999995 -0.577440799703795
4.20999999999995 -0.581534184470263
4.21999999999995 -0.58578618237346
4.22999999999995 -0.590196005983661
4.23999999999995 -0.594763272442664
4.24999999999995 -0.599488003463795
4.25999999999995 -0.604370625331905
4.26999999999995 -0.609411968903374
4.27999999999995 -0.614613269606104
4.28999999999995 -0.619976167439527
4.29999999999995 -0.625502706974598
4.30999999999995 -0.631195337353802
4.31999999999995 -0.637056912291146
4.32999999999995 -0.643090690072166
4.33999999999995 -0.649300333553924
4.34999999999995 -0.655689910165007
4.35999999999995 -0.66226389190553
4.36999999999995 -0.669027155347132
4.37999999999995 -0.675984981632979
4.38999999999995 -0.683143056477765
4.39999999999995 -0.690507470167707
4.40999999999995 -0.698084717560552
4.41999999999995 -0.70588169808557
4.42999999999995 -0.713905715743559
4.43999999999995 -0.722164479106842
4.44999999999995 -0.730666101319269
4.45999999999995 -0.739419100096216
4.46999999999995 -0.748432397724585
4.47999999999995 -0.757715321062806
4.48999999999995 -0.767277601540833
4.49999999999995 -0.777129375160146
