0 0
0.006 0.0059999640000648
0.012 0.0119997120020736
0.018 0.0179990280157463
0.024 0.0239976960663543
0.03 0.0299955002024957
0.036 0.0359922245038693
0.042 0.0419876530890479
0.048 0.0479815701232499
0.054 0.0539737598261096
0.06 0.0599640064794446
0.066 0.0659520944350225
0.072 0.0719378081223235
0.078 0.0779209320563015
0.084 0.0839012508451408
0.09 0.089878549198011
0.096 0.095852611932817
0.102 0.101823223983946
0.108 0.107790170410007
0.114 0.113753236401576
0.12 0.119712207288919
0.126 0.125666868549729
0.132 0.131617005816843
0.138 0.137562404885963
0.144 0.143502851723363
0.15 0.149438132473599
0.156 0.155368033467206
0.162 0.161292341228387
0.168 0.167210842482704
0.174 0.173123324164751
0.18 0.179029573425824
0.186 0.18492937764159
0.192 0.190822524419732
0.198 0.196708801607605
0.204 0.202587997299864
0.21 0.2084598998461
0.216 0.214324297858454
0.222 0.220180980219234
0.228 0.226029736088504
0.234 0.231870354911687
0.24 0.237702626427135
0.246 0.243526340673703
0.252 0.249341287998308
0.258 0.255147259063473
0.264 0.260944044854869
0.27 0.266731436688831
0.276 0.27250922621988
0.282 0.278277205448215
0.288 0.284035166727209
0.294 0.289782902770876
0.3 0.29552020666134
0.306 0.30124687185628
0.312 0.306962692196368
0.318 0.312667461912688
0.324 0.318360975634148
0.33 0.324043028394868
0.336 0.329713415641563
0.342 0.335371933240903
0.348 0.341018377486867
0.354 0.346652545108071
0.36 0.35227423327509
0.366 0.357883239607756
0.372 0.363479362182448
0.378 0.369062399539357
0.384 0.374632150689742
0.39 0.380188415123161
0.396 0.385730992814697
0.402 0.39125968423215
0.408 0.396774290343227
0.414 0.402274612622703
0.42 0.40776045305957
0.426 0.413231614164165
0.432 0.418687898975279
0.438 0.424129111067249
0.444 0.429555054557026
0.45 0.43496553411123
0.456 0.440360354953183
0.462 0.445739322869916
0.468 0.451102244219166
0.474 0.456448925936343
0.48 0.461779175541483
0.486 0.467092801146175
0.492 0.472389611460472
0.498 0.477669415799775
0.504 0.482932024091696
0.51 0.488177246882907
0.516 0.493404895345954
0.522 0.498614781286056
0.528 0.503806717147881
0.534 0.508980516022301
0.54 0.514135991653113
0.546 0.519272958443753
0.552 0.52439123146397
0.558 0.529490626456488
0.564 0.534570959843639
0.57 0.539632048733969
0.576 0.544673710928825
0.582 0.549695764928912
0.588 0.554698029940829
0.594 0.559680325883575
0.6 0.564642473395035
0.606 0.569584293838434
0.612 0.57450560930877
0.618 0.579406242639217
0.624 0.584286017407505
0.63 0.58914475794227
0.636 0.593982289329375
0.642 0.598798437418215
0.648 0.603593028827978
0.654 0.608365890953891
0.66 0.613116851973434
0.666 0.617845740852522
0.672 0.622552387351666
0.678 0.627236622032101
0.684 0.631898276261885
0.69 0.636537182221968
0.696 0.641153172912237
0.702 0.645746082157526
0.708 0.650315744613597
0.714 0.654861995773097
0.72 0.659384671971473
0.726 0.663883610392872
0.732 0.668358649075997
0.738 0.672809626919937
0.744 0.677236383689971
0.75 0.681638760023334
0.756 0.686016597434953
0.762 0.690369738323154
0.768 0.694698025975336
0.774 0.699001304573609
0.78 0.70327941920041
0.786 0.707532215844074
0.792 0.711759541404381
0.798 0.715961243698067
0.804 0.720137171464304
0.81 0.724287174370143
0.816 0.728411103015927
0.822 0.732508808940671
0.828 0.736580144627404
0.834 0.740624963508481
0.84 0.744643119970859
0.846 0.74863446936134
0.852 0.752598867991776
0.858 0.756536173144245
0.864 0.760446243076186
0.87 0.764328937025505
0.876 0.768184115215638
0.882 0.772011638860588
0.888 0.775811370169915
0.894 0.779583172353704
0.9 0.783326909627483
0.906 0.787042447217115
0.912 0.790729651363647
0.918 0.794388389328129
0.924 0.79801852939639
0.93 0.801619940883777
0.936 0.805192494139868
0.942 0.80873606055313
0.948 0.812250512555556
0.954 0.815735723627253
0.96 0.819191568300998
0.966 0.822617922166758
0.972 0.826014661876161
0.978 0.829381665146947
0.984 0.832718810767361
0.99 0.836025978600521
0.996 0.839303049588741
1.002 0.842549905757821
1.008 0.845766430221289
1.014 0.848952507184612
1.02 0.852108021949363
1.026 0.855232860917351
1.032 0.858326911594711
1.038 0.861390062595954
1.044 0.864422203647972
1.05 0.867423225594017
1.056 0.870393020397622
1.062 0.873331481146495
1.068 0.876238502056366
1.074 0.879113978474797
1.08 0.881957806884948
1.086 0.884769884909301
1.092 0.887550111313353
1.098 0.890298386009253
1.104 0.893014610059409
1.11 0.895698685680048
1.116 0.898350516244738
1.122 0.900970006287864
1.128 0.903557061508069
1.134 0.906111588771644
1.14 0.908633496115883
1.146 0.911122692752394
1.152 0.913579089070368
1.158 0.916002596639801
1.164 0.918393128214683
1.17 0.920750597736136
1.176 0.923074920335511
1.182 0.925366012337446
1.188 0.927623791262876
1.194 0.929848175832005
1.2 0.932039085967226
1.206 0.934196442796013
1.212 0.936320168653753
1.218 0.938410187086543
1.224 0.940466422853947
1.23 0.942488801931697
1.236 0.944477251514368
1.242 0.946431700017986
1.248 0.948352077082619
1.254 0.950238313574899
1.26 0.952090341590516
1.266 0.953908094456661
1.272 0.955691506734427
1.278 0.957440514221166
1.284 0.959155053952796
1.29 0.960835064206073
1.296 0.962480484500808
1.302 0.964091255602049
1.308 0.96566731952221
1.314 0.96720861952316
1.32 0.968715100118265
1.326 0.970186707074388
1.332 0.971623387413836
1.338 0.973025089416272
1.344 0.974391762620575
1.35 0.975723357826659
1.356 0.977019827097239
1.362 0.978281123759561
1.368 0.979507202407082
1.374 0.980698018901104
1.38 0.98185353037236
1.386 0.982973695222562
1.392 0.984058473125898
1.398 0.98510782503048
1.404 0.986121713159751
1.41 0.98710010101385
1.416 0.98804295337092
1.422 0.988950236288376
1.428 0.989821917104132
1.434 0.990657964437774
1.44 0.991458348191686
1.446 0.992223039552142
1.452 0.992952010990333
1.458 0.993645236263367
1.464 0.994302690415209
1.47 0.994924349777581
1.476 0.995510191970812
1.482 0.996060195904648
1.488 0.996574341779005
1.494 0.997052611084689
1.5 0.997494986604054
1.506 0.997901452411632
1.512 0.998271993874695
1.518 0.998606597653793
1.524 0.998905251703224
1.53 0.999167945271476
1.536 0.999394668901608
1.542 0.999585414431594
1.548 0.999740174994615
1.554 0.999858945019309
1.56 0.999941720229966
1.566 0.999988497646689
1.572 0.999999275585495
1.578 0.99997405365838
1.584 0.99991283277333
1.59 0.999815615134291
1.596 0.999682404241087
1.602 0.999513204889296
1.608 0.999308023170076
1.614 0.999066866469947
1.62 0.998789743470524
1.626 0.998476664148205
1.632 0.998127639773813
1.638 0.997742682912186
1.644 0.997321807421731
1.65 0.996865028453919
1.656 0.996372362452744
1.662 0.995843827154129
1.668 0.995279441585287
1.674 0.994679226064038
1.68 0.994043202198076
1.686 0.993371392884192
1.692 0.992663822307447
1.698 0.991920515940307
1.704 0.991141500541721
1.71 0.990326804156158
1.716 0.989476456112601
1.722 0.988590487023487
1.728 0.987668928783608
1.734 0.986711814568961
1.74 0.985719178835553
1.746 0.984691057318166
1.752 0.983627487029062
1.758 0.982528506256656
1.764 0.981394154564137
1.77 0.980224472788045
1.776 0.979019503036797
1.782 0.977779288689174
1.788 0.976503874392757
1.794 0.975193306062325
1.8 0.973847630878195
1.806 0.972466897284529
1.812 0.971051154987587
1.818 0.969600454953939
1.824 0.96811484940863
1.83 0.966594391833298
1.836 0.965039136964252
1.842 0.963449140790499
1.848 0.96182446055173
1.854 0.960165154736259
1.86 0.958471283078914
1.866 0.956742906558894
1.872 0.954980087397565
1.878 0.953182889056228
1.884 0.951351376233828
1.89 0.94948561486463
1.896 0.947585672115842
1.902 0.945651616385196
1.908 0.94368351729849
1.914 0.941681445707079
1.92 0.939645473685325
1.926 0.937575674527999
1.932 0.935472122747649
1.938 0.93333489407191
1.944 0.931164065440785
1.95 0.928959715003869
1.956 0.926721922117541
1.962 0.924450767342103
1.968 0.922146332438881
1.974 0.919808700367282
1.98 0.91743795528181
1.986 0.915034182529031
1.992 0.912597468644504
1.998 0.910127901349666
2.004 0.907625569548674
2.01 0.905090563325201
2.016 0.902522973939198
2.022 0.899922893823606
2.028 0.897290416581027
2.034 0.894625636980359
2.04 0.89192865095338
2.046 0.889199555591293
2.052 0.88643844914124
2.058 0.883645431002752
2.064 0.880820601724182
2.07 0.877964062999078
2.076 0.875075917662526
2.082 0.872156269687447
2.088 0.869205224180851
2.094 0.866222887380059
2.1 0.863209366648874
2.106 0.860164770473715
2.112 0.857089208459717
2.118 0.85398279132678
2.124 0.850845630905586
2.13 0.84767784013357
2.136 0.844479533050858
2.142 0.84125082479616
2.148 0.837991831602624
2.154 0.834702670793654
2.16 0.831383460778683
2.166 0.828034321048914
2.172 0.824655372173013
2.178 0.821246735792778
2.184 0.817808534618748
2.19 0.814340892425796
2.196 0.810843934048665
2.202 0.807317785377479
2.208 0.803762573353209
2.214 0.800178425963106
2.22 0.796565472236087
2.226 0.792923842238096
2.232 0.78925366706742
2.238 0.785555078849969
2.244 0.78182821073452
2.25 0.778073196887921
2.256 0.774290172490266
2.262 0.770479273730025
2.268 0.766640637799141
2.274 0.762774402888094
2.28 0.758880708180922
2.286 0.754959693850214
2.292 0.751011501052064
2.298 0.747036271920985
2.304 0.743034149564796
2.31 0.739005278059471
2.316 0.734949802443948
2.322 0.730867868714911
2.328 0.726759623821535
2.334 0.722625215660191
2.34 0.718464793069126
2.346 0.714278505823105
2.352 0.710066504628017
2.358 0.705828941115448
2.364 0.70156596783723
2.37 0.697277738259938
2.376 0.692964406759375
2.382 0.688626128615008
2.388 0.684263060004383
2.394 0.679875357997497
2.4 0.675463180551151
2.406 0.671026686503254
2.412 0.666566035567115
2.418 0.662081388325683
2.424 0.657572906225777
2.43 0.653040751572265
2.436 0.648485087522224
2.442 0.643906078079069
2.448 0.639303888086645
2.454 0.634678683223294
2.46 0.630030629995892
2.466 0.625359895733854
2.472 0.620666648583108
2.478 0.615951057500045
2.484 0.611213292245435
2.49 0.606453523378315
2.496 0.60167192224985
2.502 0.596868660997165
2.508 0.592043912537145
2.514 0.587197850560215
2.52 0.582330649524082
2.526 0.577442484647457
2.532 0.57253353190375
2.538 0.567603968014727
2.544 0.562653970444157
2.55 0.557683717391417
2.556 0.552693387785081
2.562 0.547683161276476
2.568 0.542653218233214
2.574 0.537603739732702
2.58 0.532534907555621
2.586 0.527446904179382
2.592 0.522339912771557
2.598 0.517214117183284
2.604 0.512069701942652
2.61 0.506906852248053
2.616 0.50172575396152
2.622 0.49652659360203
2.628 0.491309558338795
2.634 0.486074835984522
2.64 0.480822614988648
2.646 0.475553084430565
2.652 0.470266434012801
2.658 0.464962854054201
2.664 0.459642535483072
2.67 0.454305669830306
2.676 0.448952449222492
2.682 0.443583066374992
2.688 0.43819771458501
2.694 0.432796587724628
2.7 0.42737988023383
2.706 0.4219477871135
2.712 0.416500503918405
2.718 0.411038226750151
2.724 0.405561152250125
2.73 0.40006947759242
2.736 0.394563400476728
2.742 0.389043119121232
2.748 0.383508832255464
2.754 0.377960739113154
2.76 0.372399039425055
2.766 0.366823933411757
2.772 0.361235621776472
2.778 0.355634305697817
2.784 0.350020186822565
2.79 0.34439346725839
2.796 0.338754349566588
2.802 0.333103036754787
2.808 0.327439732269637
2.814 0.32176463998949
2.82 0.316077964217054
2.826 0.310379909672042
2.832 0.304670681483803
2.838 0.298950485183934
2.844 0.293219526698886
2.85 0.287478012342544
2.856 0.281726148808806
2.862 0.275964143164137
2.868 0.270192202840118
2.874 0.264410535625977
2.88 0.258619349661111
2.886 0.252818853427587
2.892 0.247009255742644
2.898 0.241190765751172
2.904 0.235363592918181
2.91 0.229527947021264
2.916 0.223684038143044
2.922 0.217832076663608
2.928 0.211972273252938
2.934 0.206104838863324
2.94 0.200229984721771
2.946 0.194347922322391
2.952 0.188458863418799
2.958 0.182563020016476
2.964 0.17666060436515
2.97 0.170751828951145
2.976 0.16483690648974
2.982 0.158916049917504
2.988 0.152989472384633
2.994 0.147057387247279
3 0.141120008059867
3.006 0.135177548567405
3.012 0.129230222697795
3.018 0.123278244554124
3.024 0.117321828406963
3.03 0.11136118868665
3.036 0.105396539975571
3.042 0.099428097000436
3.048 0.0934560746245474
3.054 0.0874806878400652
3.06 0.0815021517602691
3.066 0.0755206816118114
3.072 0.0695364927269724
3.078 0.0635498005359051
3.084 0.0575608205588814
3.09 0.0515697683985346
3.096 0.0455768597320946
3.102 0.0395823103036269
3.108 0.0335863359162628
3.114 0.0275891524244334
3.12 0.021590975726096
3.126 0.0155920217549646
3.132 0.00959250647273359
3.138 0.00359264586130598
3.144 -0.00240734408498507
3.15 -0.00840724736714862
3.156 -0.0144068479893154
3.162 -0.02040592996651
3.168 -0.0264042773324301
3.174 -0.0324016741472175
3.18 -0.0383979045052354
3.186 -0.0443927525428376
3.192 -0.0503860024461431
3.198 -0.0563774384588019
3.204 -0.0623668448897653
3.21 -0.0683540061210478
3.216 -0.0743387066154926
3.222 -0.0803207309245274
3.228 -0.086299863695924
3.234 -0.0922758896815475
3.24 -0.0982485937451087
3.246 -0.104217760869905
3.252 -0.110183176166567
3.258 -0.116144624880785
3.264 -0.122101892401053
3.27 -0.12805476426638
3.276 -0.134003026174024
3.282 -0.139946463987197
3.288 -0.145884863742782
3.294 -0.151818011659027
3.3 -0.157745694143249
3.306 -0.163667697799518
3.312 -0.169583809436342
3.318 -0.175493816074342
3.324 -0.181397504953916
3.33 -0.187294663542903
3.336 -0.19318507954423
3.342 -0.199068540903558
3.348 -0.204944835816912
3.354 -0.210813752738312
3.36 -0.21667508038738
3.366 -0.222528607756955
3.372 -0.228374124120684
3.378 -0.234211419040609
3.384 -0.240040282374744
3.39 -0.245860504284637
3.396 -0.251671875242929
3.402 -0.257474186040893
3.408 -0.263267227795966
3.414 -0.269050791959272
3.42 -0.274824670323124
3.426 -0.280588655028526
3.432 -0.28634253857265
3.438 -0.292086113816311
3.444 -0.29781917399142
3.45 -0.303541512708429
3.456 -0.309252923963763
3.462 -0.314953202147235
3.468 -0.320642142049443
3.474 -0.326319538869167
3.48 -0.331985188220734
3.486 -0.33763888614138
3.492 -0.343280429098589
3.498 -0.348909613997426
3.504 -0.35452623818784
3.51 -0.360130099471969
3.516 -0.36572099611141
3.522 -0.371298726834489
3.528 -0.376863090843503
3.534 -0.382413887821947
3.54 -0.38795091794173
3.546 -0.393473981870367
3.552 -0.39898288077815
3.558 -0.404477416345316
3.564 -0.409957390769177
3.57 -0.415422606771246
3.576 -0.420872867604337
3.582 -0.426307977059648
3.588 -0.431727739473826
3.594 -0.437131959736009
3.6 -0.442520443294852
3.606 -0.447892996165529
3.612 -0.453249424936716
3.618 -0.458589536777557
3.624 -0.463913139444601
3.63 -0.469220041288727
3.636 -0.474510051262043
3.642 -0.47978297892476
3.648 -0.485038634452053
3.654 -0.49027682864089
3.66 -0.495497372916845
3.666 -0.500700079340889
3.672 -0.505884760616152
3.678 -0.511051230094668
3.684 -0.516199301784095
3.69 -0.521328790354406
3.696 -0.526439511144569
3.702 -0.531531280169186
3.708 -0.536603914125122
3.714 -0.541657230398102
3.72 -0.546691047069287
3.726 -0.55170518292182
3.732 -0.556699457447352
3.738 -0.56167369085254
3.744 -0.566627704065517
3.75 -0.571561318742344
3.756 -0.576474357273425
3.762 -0.581366642789902
3.768 -0.586237999170027
3.774 -0.591088251045496
3.78 -0.595917223807764
3.786 -0.600724743614334
3.792 -0.605510637395013
3.798 -0.61027473285814
3.804 -0.615016858496794
3.81 -0.619736843594963
3.816 -0.624434518233695
3.822 -0.629109713297209
3.828 -0.633762260478989
3.834 -0.638391992287837
3.84 -0.642998742053909
3.846 -0.647582343934711
3.852 -0.65214263292107
3.858 -0.656679444843075
3.864 -0.661192616375988
3.87 -0.665681985046119
3.876 -0.670147389236682
3.882 -0.674588668193609
3.888 -0.679005662031336
3.894 -0.683398211738563
3.9 -0.687766159183974
3.906 -0.692109347121933
3.912 -0.696427619198143
3.918 -0.700720819955276
3.924 -0.704988794838569
3.93 -0.709231390201386
3.936 -0.713448453310753
3.942 -0.717639832352853
3.948 -0.721805376438493
3.954 -0.725944935608536
3.96 -0.7300583608393
3.966 -0.734145504047919
3.972 -0.73820621809768
3.978 -0.742240356803316
3.984 -0.746247774936269
3.99 -0.750228328229919
3.996 -0.754181873384777
4.002 -0.758108268073645
4.008 -0.762007370946738
4.014 -0.765879041636773
4.02 -0.769723140764024
4.026 -0.773539529941338
4.032 -0.777328071779116
4.038 -0.781088629890261
4.044 -0.784821068895088
4.05 -0.788525254426195
4.056 -0.792201053133304
4.062 -0.795848332688057
4.068 -0.799466961788785
4.074 -0.80305681016523
4.08 -0.806617748583241
4.086 -0.810149648849416
4.092 -0.813652383815729
4.098 -0.817125827384099
4.104 -0.820569854510933
4.11 -0.823984341211626
4.116 -0.827369164565025
4.122 -0.830724202717856
4.128 -0.834049334889107
4.134 -0.837344441374379
4.14 -0.840609403550195
4.146 -0.843844103878268
4.152 -0.847048425909738
4.158 -0.850222254289355
4.164 -0.853365474759642
4.17 -0.856477974165001
4.176 -0.85955964045579
4.182 -0.862610362692354
4.188 -0.865630031049024
4.194 -0.868618536818063
4.2 -0.871575772413588
4.206 -0.874501631375436
4.212 -0.877396008373
4.218 -0.880258799209022
4.224 -0.88308990082334
4.23 -0.885889211296603
4.236 -0.888656629853934
4.242 -0.891392056868565
4.248 -0.894095393865419
4.254 -0.896766543524657
4.26 -0.899405409685178
4.266 -0.902011897348086
4.272 -0.904585912680107
4.278 -0.907127363016966
4.284 -0.909636156866726
4.29 -0.91211220391308
4.296 -0.914555415018601
4.302 -0.916965702227954
4.308 -0.919342978771058
4.314 -0.921687159066215
4.32 -0.923998158723188
4.326 -0.926275894546239
4.332 -0.928520284537123
4.338 -0.930731247898045
4.344 -0.932908705034561
4.35 -0.935052577558449
4.356 -0.937162788290531
4.362 -0.939239261263448
4.368 -0.941281921724398
4.374 -0.943290696137823
4.38 -0.945265512188063
4.386 -0.947206298781953
4.392 -0.949112986051385
4.398 -0.950985505355823
4.404 -0.952823789284774
4.41 -0.954627771660216
4.416 -0.956397387538978
4.422 -0.95813257321508
4.428 -0.959833266222023
4.434 -0.961499405335045
4.44 -0.963130930573317
4.446 -0.964727783202105
4.452 -0.966289905734889
4.458 -0.967817241935426
4.464 -0.969309736819777
4.47 -0.970767336658288
4.476 -0.972189988977522
4.482 -0.97357764256215
4.488 -0.974930247456791
4.494 -0.976247754967816
4.5 -0.977530117665097
4.506 -0.978777289383715
4.512 -0.979989225225623
4.518 -0.981165881561262
4.524 -0.98230721603113
4.53 -0.983413187547311
4.536 -0.984483756294948
4.542 -0.985518883733682
4.548 -0.986518532599038
4.554 -0.987482666903765
4.56 -0.988411251939131
4.566 -0.989304254276175
4.572 -0.99016164176691
4.578 -0.990983383545479
4.584 -0.991769450029266
4.59 -0.992519812919963
4.596 -0.993234445204587
4.602 -0.993913321156453
4.608 -0.9945564163361
4.614 -0.99516370759217
4.62 -0.995735173062245
4.626 -0.996270792173629
4.632 -0.996770545644092
4.638 -0.997234415482563
4.644 -0.997662384989777
4.65 -0.998054438758879
4.656 -0.998410562675976
4.662 -0.998730743920645
4.668 -0.999014970966395
4.674 -0.999263233581084
4.68 -0.999475522827284
4.686 -0.999651831062606
4.692 -0.999792151939972
4.698 -0.999896480407845
4.704 -0.999964812710412
4.71 -0.999997146387718
4.716 -0.999993480275753
4.722 -0.999953814506498
4.728 -0.999878150507915
4.734 -0.999766491003901
4.74 -0.999618840014185
4.746 -0.999435202854188
4.752 -0.999215586134826
4.758 -0.998959997762279
4.764 -0.9986684469377
4.77 -0.998340944156888
4.776 -0.997977501209906
4.782 -0.997578131180662
4.788 -0.997142848446434
4.794 -0.996671668677353
4.8 -0.996164608835841
4.806 -0.995621687175996
4.812 -0.995042923242939
4.818 -0.99442833787211
4.824 -0.993777953188516
4.83 -0.993091792605935
4.836 -0.992369880826074
4.842 -0.99161224383768
4.848 -0.990818908915601
4.854 -0.989989904619809
4.86 -0.98912526079437
4.866 -0.988225008566368
4.872 -0.987289180344785
4.878 -0.986317809819337
4.884 -0.985310931959258
4.89 -0.984268583012042
4.896 -0.983190800502138
4.902 -0.9820776232296
4.908 -0.980929091268691
4.914 -0.979745245966436
4.92 -0.978526129941139
4.926 -0.977271787080844
4.932 -0.97598226254176
4.938 -0.97465760274663
4.944 -0.973297855383064
4.95 -0.971903069401821
4.956 -0.970473295015044
4.962 -0.969008583694458
4.968 -0.967508988169512
4.974 -0.965974562425482
4.98 -0.96440536170153
4.986 -0.962801442488713
4.992 -0.961162862527949
4.998 -0.959489680807939
5.004 -0.957781957563044
5.01 -0.956039754271118
5.016 -0.95426313365129
5.022 -0.952452159661711
5.028 -0.950606897497249
5.034 -0.948727413587142
5.04 -0.946813775592609
5.046 -0.94486605240441
5.052 -0.94288431414037
5.058 -0.940868632142852
5.064 -0.938819078976191
5.07 -0.936735728424079
5.076 -0.934618655486911
5.082 -0.932467936379084
5.088 -0.930283648526254
5.094 -0.928065870562548
5.1 -0.925814682327732
5.106 -0.923530164864341
5.112 -0.921212400414755
5.118 -0.918861472418245
5.124 -0.916477465507966
5.13 -0.914060465507907
5.136 -0.911610559429808
5.142 -0.909127835470024
5.148 -0.906612383006349
5.154 -0.904064292594799
5.16 -0.901483655966355
5.166 -0.898870566023656
5.172 -0.896225116837658
5.178 -0.893547403644246
5.184 -0.890837522840806
5.19 -0.888095571982754
5.196 -0.885321649780025
5.202 -0.882515856093519
5.208 -0.879678291931504
5.214 -0.876809059445986
5.22 -0.873908261929022
5.226 -0.870976003809011
5.232 -0.868012390646928
5.238 -0.865017529132527
5.244 -0.8619915270805
5.25 -0.858934493426592
5.256 -0.855846538223686
5.262 -0.852727772637834
5.268 -0.849578308944263
5.274 -0.846398260523324
5.28 -0.843187741856417
5.286 -0.839946868521867
5.292 -0.836675757190765
5.298 -0.833374525622764
5.304 -0.830043292661846
5.31 -0.826682178232036
5.316 -0.823291303333092
5.322 -0.819870790036142
5.328 -0.816420761479298
5.334 -0.812941341863213
5.34 -0.809432656446619
5.346 -0.805894831541812
5.352 -0.802327994510105
5.358 -0.798732273757248
5.364 -0.795107798728799
5.37 -0.791454699905466
5.376 -0.787773108798414
5.382 -0.784063157944525
5.388 -0.780324980901628
5.394 -0.776558712243694
5.4 -0.772764487555987
5.406 -0.768942443430187
5.412 -0.765092717459469
5.418 -0.761215448233552
5.424 -0.75731077533371
5.43 -0.753378839327747
5.436 -0.749419781764931
5.442 -0.745433745170909
5.448 -0.741420873042568
5.454 -0.737381309842871
5.46 -0.733315200995657
5.466 -0.729222692880404
5.472 -0.725103932826964
5.478 -0.720959069110253
5.484 -0.716788250944918
5.49 -0.712591628479961
5.496 -0.70836935279334
5.502 -0.704121575886522
5.508 -0.699848450679016
5.514 -0.69555013100287
5.52 -0.691226771597126
5.526 -0.686878528102259
5.532 -0.682505557054562
5.538 -0.678108015880521
5.544 -0.673686062891144
5.55 -0.669239857276262
5.556 -0.664769559098795
5.562 -0.660275329288996
5.568 -0.655757329638651
5.574 -0.651215722795262
5.58 -0.646650672256183
5.586 -0.642062342362742
5.592 -0.637450898294317
5.598 -0.632816506062399
5.604 -0.628159332504607
5.61 -0.623479545278685
5.616 -0.618777312856469
5.622 -0.614052804517819
5.628 -0.609306190344523
5.634 -0.60453764121418
5.64 -0.599747328794044
5.646 -0.594935425534843
5.652 -0.590102104664575
5.658 -0.585247540182271
5.664 -0.580371906851728
5.67 -0.575475380195217
5.676 -0.570558136487171
5.682 -0.565620352747831
5.688 -0.56066220673688
5.694 -0.555683876947037
5.7 -0.550685542597638
5.706 -0.545667383628179
5.712 -0.540629580691842
5.718 -0.535572315148988
5.724 -0.53049576906063
5.73 -0.525400125181879
5.736 -0.520285566955366
5.742 -0.515152278504632
5.748 -0.510000444627509
5.754 -0.504830250789459
5.76 -0.499641883116902
5.766 -0.494435528390515
5.772 -0.489211374038504
5.778 -0.483969608129862
5.784 -0.478710419367597
5.79 -0.473433997081935
5.796 -0.468140531223509
5.802 -0.462830212356518
5.808 -0.457503231651868
5.814 -0.452159780880288
5.82 -0.44680005240543
5.826 -0.44142423917694
5.832 -0.436032534723513
5.838 -0.430625133145928
5.844 -0.425202229110056
5.85 -0.419764017839859
5.856 -0.414310695110354
5.862 -0.408842457240571
5.868 -0.403359501086481
5.874 -0.397862024033915
5.88 -0.392350223991454
5.886 -0.386824299383302
5.892 -0.381284449142149
5.898 -0.375730872702007
5.904 -0.370163769991025
5.91 -0.364583341424301
5.916 -0.358989787896661
5.922 -0.353383310775429
5.928 -0.347764111893173
5.934 -0.342132393540447
5.94 -0.336488358458504
5.946 -0.330832209831998
5.952 -0.325164151281668
5.958 -0.319484386857008
5.964 -0.313793121028927
5.97 -0.308090558682378
5.976 -0.30237690510899
5.982 -0.296652365999675
5.988 -0.290917147437222
5.994 -0.285171455888881
