0 0 0
0.05 0.0470535394495863 0.00117633848623966
0.1 0.0941070788991726 0.00470535394495863
0.15 0.141160618348759 0.0105870463761569
0.2 0.188214157798345 0.0188214157798345
0.25 0.235267697247931 0.0294084621559914
0.3 0.282321236697518 0.0423481855046276
0.35 0.329374776147104 0.0576405858257432
0.4 0.37642831559669 0.075285663119338
0.45 0.423481855046277 0.0952834173854122
0.5 0.470535394495863 0.117633848623966
0.55 0.517588933945449 0.142336956834998
0.6 0.564642473395035 0.169392742018511
0.65 0.595258857776051 0.198390275297788
0.7 0.625875242157067 0.228918627796116
0.75 0.656491626538083 0.260977799513495
0.8 0.687108010919099 0.294567790449924
0.85 0.717724395300115 0.329688600605405
0.9 0.748340779681131 0.366340229979936
0.95 0.778957164062147 0.404522678573518
1 0.809573548443163 0.44423594638615
1.05 0.840189932824179 0.485480033417834
1.1 0.870806317205195 0.528254939668568
1.15 0.901422701586211 0.572560665138353
1.2 0.932039085967226 0.618397209827189
1.25 0.935523131376474 0.665086265260782
1.3 0.939007176785721 0.711949522964837
1.35 0.942491222194969 0.758986982939354
1.4 0.945975267604216 0.806198645184334
1.45 0.949459313013463 0.853584509699776
1.5 0.952943358422711 0.90114457648568
1.55 0.956427403831958 0.948878845542047
1.6 0.959911449241206 0.996787316868876
1.65 0.963395494650453 1.04486999046617
1.7 0.9668795400597 1.09312686633392
1.75 0.970363585468948 1.14155794447214
1.8 0.973847630878195 1.19016322488082
1.85 0.948982260017608 1.23823397215321
1.9 0.924116889157021 1.28506145088258
1.95 0.899251518296434 1.33064566106891
2 0.874386147435847 1.37498660271222
2.05 0.84952077657526 1.4180842758125
2.1 0.824655405714673 1.45993868036975
2.15 0.799790034854086 1.50054981638397
2.2 0.774924663993499 1.53991768385515
2.25 0.750059293132912 1.57804228278331
2.3 0.725193922272325 1.61492361316845
2.35 0.700328551411738 1.65056167501055
2.4 0.675463180551151 1.68495646830962
2.45 0.630934582843545 1.71761641239449
2.5 0.586405985135938 1.74804992659397
2.55 0.541877387428331 1.77625701090808
2.6 0.497348789720724 1.80223766533681
2.65 0.452820192013117 1.82599188988015
2.7 0.40829159430551 1.84751968453812
2.75 0.363762996597904 1.8668210493107
2.8 0.319234398890297 1.88389598419791
2.85 0.27470580118269 1.89874448919973
2.9 0.230177203475083 1.91136656431618
2.95 0.185648605767476 1.92176220954724
3 0.14112000805987 1.92993142489292
3.05 0.09248330378031 1.93577150768893
3.1 0.0438465995007502 1.93917975527096
3.15 -0.00479010477880959 1.940156167639
3.2 -0.0534268090583694 1.93870074479307
3.25 -0.102063513337929 1.93481348673317
3.3 -0.150700217617489 1.92849439345928
3.35 -0.199336921897049 1.91974346497142
3.4 -0.247973626176609 1.90856070126958
3.45 -0.296610330456168 1.89494610235376
3.5 -0.345247034735728 1.87889966822396
3.55 -0.393883739015288 1.86042139888018
3.6 -0.442520443294848 1.83951129432243
3.65 -0.478275054054743 1.81649140688869
3.69999999999999 -0.514029664814638 1.79168378891696
3.74999999999999 -0.549784275574532 1.76508844040723
3.79999999999999 -0.585538886334427 1.7367053613595
3.84999999999999 -0.621293497094321 1.70653455177379
3.89999999999999 -0.657048107854216 1.67457601165007
3.94999999999999 -0.692802718614111 1.64082974098836
3.99999999999999 -0.728557329374005 1.60529573978866
4.04999999999999 -0.7643119401339 1.56797400805096
4.09999999999999 -0.800066550893794 1.52886454577527
4.14999999999999 -0.835821161653689 1.48796735296158
4.19999999999999 -0.871575772413583 1.4452824296099
4.24999999999999 -0.881958175448774 1.40144408091334
4.29999999999999 -0.892340578483962 1.35708661206503
4.34999999999999 -0.90272298151915 1.31221002306495
4.39999999999999 -0.913105384554337 1.26681431391311
4.44999999999999 -0.923487787589525 1.22089948460951
4.49999999999999 -0.933870190624713 1.17446553515416
4.54999999999999 -0.9442525936599 1.12751246554704
4.59999999999999 -0.954634996695088 1.08004027578817
4.64999999999999 -0.965017399730276 1.03204896587754
4.69999999999999 -0.975399802765463 0.983538535815142
4.74999999999999 -0.985782205800651 0.934508985600989
4.79999999999999 -0.996164608835839 0.884960315235077
4.84999999999999 -0.977547932062523 0.835617501712618
4.89999999999999 -0.958931255289202 0.787205522028825
4.94999999999999 -0.940314578515881 0.739724376183698
4.99999999999999 -0.92169790174256 0.693174064177237
5.04999999999999 -0.903081224969239 0.647554586009443
5.09999999999999 -0.884464548195918 0.602865941680314
5.14999999999999 -0.865847871422597 0.559108131189851
5.19999999999999 -0.847231194649276 0.516281154538055
5.24999999999999 -0.828614517875955 0.474385011724924
5.29999999999999 -0.809997841102634 0.433419702750459
5.34999999999999 -0.791381164329313 0.393385227614661
5.39999999999999 -0.772764487555992 0.354281586317528
