
First we test the tall matrix
In the interest of not printing the same matrix multiple times the approx() function is used for testing
A =

         1          0          6          7          7 
         7          9          9          9          0 
         8          2          8          1          3 
         5          0          0          0          3 
         1          3          8          2          1 
         7          7          7          3          5 
         5          0          1          1          5 
         2          3          3          7          0 
Q =
    0.0677    -0.0774      0.638      0.549      0.414 
     0.474      0.567     -0.129      0.221     -0.304 
     0.542     -0.373      0.348     -0.277     -0.444 
     0.339     -0.387      -0.24      0.106      0.019 
    0.0677      0.292      0.592     -0.361    -0.0149 
     0.474       0.32     -0.175     -0.291      0.637 
     0.339     -0.387     -0.126      0.173       0.25 
     0.135      0.215    -0.0271      0.562     -0.265 
R =
      14.8       9.28       13.6       8.13       7.25 
         0       8.12       6.49       6.85      -2.86 
         0          0       8.75       3.99       3.88 
         0          0          0       8.07       2.38 
         0          0          0          0       6.05 
Q^T * Q = 1: True
Q * R = A: True

Now for the square matrix
A =
         9          7          8          7          7 
         5          5          2          7          5 
         2          3          6          0          2 
         8          1          4          5          9 
         9          2          6          3          4 
Q =
     0.564      0.492      0.066    -0.0674      0.657 
     0.313      0.471     -0.606     0.0642     -0.555 
     0.125      0.367      0.774       0.25     -0.435 
     0.501     -0.492     -0.066      0.708     0.0185 
     0.564     -0.398      0.158     -0.654     -0.268 
R =
        16       7.51       11.3       10.3       12.5 
         0       5.62       2.72       3.09      0.513 
         0          0       4.64      -3.64     -0.986 
         0          0          0       1.56       4.11 
         0          0          0          0     0.0462 
b =         7          1          6          6          0 
Solving for Q*R x=b for x yields
x =      36.2       72.4      -58.4      -84.6       33.4 
Q * R = A: True
A * x = b: True
