0 4
0.5 2
1 4
1.5 4
2 3
2.5 0
3 0
3.5 1
4 2
4.5 3


0 4
0.01 3.8718
0.02 3.7472
0.03 3.6262
0.04 3.5088
0.05 3.395
0.06 3.2848
0.07 3.1782
0.08 3.0752
0.09 2.9758
0.1 2.88
0.11 2.7878
0.12 2.6992
0.13 2.6142
0.14 2.5328
0.15 2.455
0.16 2.3808
0.17 2.3102
0.18 2.2432
0.19 2.1798
0.2 2.12
0.21 2.0638
0.22 2.0112
0.23 1.9622
0.24 1.9168
0.25 1.875
0.26 1.8368
0.27 1.8022
0.28 1.7712
0.29 1.7438
0.3 1.72
0.31 1.6998
0.32 1.6832
0.33 1.6702
0.34 1.6608
0.35 1.655
0.36 1.6528
0.37 1.6542
0.38 1.6592
0.39 1.6678
0.4 1.68
0.41 1.6958
0.42 1.7152
0.43 1.7382
0.44 1.7648
0.45 1.795
0.46 1.8288
0.47 1.8662
0.48 1.9072
0.49 1.9518
0.5 2
0.51 2.0498
0.52 2.0992
0.53 2.1482
0.54 2.1968
0.55 2.245
0.56 2.2928
0.57 2.3402
0.58 2.3872
0.59 2.4338
0.6 2.48
0.61 2.5258
0.62 2.5712
0.63 2.6162
0.64 2.6608
0.65 2.705
0.66 2.7488
0.67 2.7922
0.68 2.8352
0.69 2.8778
0.7 2.92
0.71 2.9618
0.72 3.0032
0.73 3.0442
0.74 3.0848
0.75 3.125
0.76 3.1648
0.77 3.2042
0.78 3.2432
0.79 3.2818
0.8 3.32
0.81 3.3578
0.820000000000001 3.3952
0.830000000000001 3.4322
0.840000000000001 3.4688
0.850000000000001 3.505
0.860000000000001 3.5408
0.870000000000001 3.5762
0.880000000000001 3.6112
0.890000000000001 3.6458
0.900000000000001 3.68
0.910000000000001 3.7138
0.920000000000001 3.7472
0.930000000000001 3.7802
0.940000000000001 3.8128
0.950000000000001 3.845
0.960000000000001 3.8768
0.970000000000001 3.9082
0.980000000000001 3.9392
0.990000000000001 3.9698
1 4
1.01 4.0294
1.02 4.0576
1.03 4.0846
1.04 4.1104
1.05 4.135
1.06 4.1584
1.07 4.1806
1.08 4.2016
1.09 4.2214
1.1 4.24
1.11 4.2574
1.12 4.2736
1.13 4.2886
1.14 4.3024
1.15 4.315
1.16 4.3264
1.17 4.3366
1.18 4.3456
1.19 4.3534
1.2 4.36
1.21 4.3654
1.22 4.3696
1.23 4.3726
1.24 4.3744
1.25 4.375
1.26 4.3744
1.27 4.3726
1.28 4.3696
1.29 4.3654
1.3 4.36
1.31 4.3534
1.32 4.3456
1.33 4.3366
1.34 4.3264
1.35 4.315
1.36 4.3024
1.37 4.2886
1.38 4.2736
1.39 4.2574
1.4 4.24
1.41 4.2214
1.42 4.2016
1.43 4.1806
1.44 4.1584
1.45 4.135
1.46 4.1104
1.47 4.0846
1.48 4.0576
1.49 4.0294
1.5 4
1.51 3.9702
1.52 3.9408
1.53 3.9118
1.54 3.8832
1.55 3.855
1.56 3.8272
1.57 3.7998
1.58 3.7728
1.59 3.7462
1.6 3.72
1.61 3.6942
1.62 3.6688
1.63 3.6438
1.64 3.6192
1.65 3.595
1.66 3.5712
1.67 3.5478
1.68 3.5248
1.69 3.5022
1.7 3.48
1.71 3.4582
1.72 3.4368
1.73 3.4158
1.74 3.3952
1.75 3.375
1.76 3.3552
1.77 3.3358
1.78 3.3168
1.79 3.2982
1.8 3.28
1.81 3.2622
1.82 3.2448
1.83 3.2278
1.84 3.2112
1.85 3.195
1.86 3.1792
1.87 3.1638
1.88 3.1488
1.89 3.1342
1.9 3.12
1.91 3.1062
1.92 3.0928
1.93 3.0798
1.94 3.0672
1.95 3.055
1.96 3.0432
1.97 3.0318
1.98 3.0208
1.99 3.0102
2 3
2.01 2.989
2.02 2.976
2.03 2.961
2.04 2.944
2.05 2.925
2.06 2.904
2.07 2.881
2.08 2.856
2.09 2.829
2.1 2.8
2.11 2.769
2.12 2.736
2.13 2.701
2.14 2.66400000000001
2.15 2.62500000000001
2.16 2.58400000000001
2.17 2.54100000000001
2.18 2.49600000000001
2.19 2.44900000000001
2.2 2.40000000000001
2.21 2.34900000000002
2.22 2.29600000000002
2.23 2.24100000000002
2.24 2.18400000000002
2.25 2.12500000000002
2.26 2.06400000000003
2.27 2.00100000000003
2.28 1.93600000000003
2.29 1.86900000000003
2.29999999999999 1.80000000000004
2.30999999999999 1.72900000000004
2.31999999999999 1.65600000000004
2.32999999999999 1.58100000000004
2.33999999999999 1.50400000000005
2.34999999999999 1.42500000000005
2.35999999999999 1.34400000000005
2.36999999999999 1.26100000000005
2.37999999999999 1.17600000000006
2.38999999999999 1.08900000000006
2.39999999999999 1.00000000000006
2.40999999999999 0.909000000000068
2.41999999999999 0.816000000000072
2.42999999999999 0.721000000000075
2.43999999999999 0.624000000000079
2.44999999999999 0.525000000000083
2.45999999999999 0.424000000000087
2.46999999999999 0.32100000000009
2.47999999999999 0.216000000000094
2.48999999999999 0.109000000000099
2.49999999999999 1.02584607475364E-13
2.50999999999999 -0.107799999999899
2.51999999999999 -0.211199999999901
2.52999999999999 -0.310199999999904
2.53999999999999 -0.404799999999906
2.54999999999999 -0.494999999999909
2.55999999999999 -0.580799999999911
2.56999999999999 -0.662199999999914
2.57999999999999 -0.739199999999917
2.58999999999999 -0.811799999999921
2.59999999999999 -0.879999999999924
2.60999999999999 -0.943799999999928
2.61999999999999 -1.00319999999993
2.62999999999999 -1.05819999999994
2.63999999999999 -1.10879999999994
2.64999999999999 -1.15499999999994
2.65999999999999 -1.19679999999995
2.66999999999999 -1.23419999999995
2.67999999999999 -1.26719999999996
2.68999999999999 -1.29579999999996
2.69999999999999 -1.31999999999997
2.70999999999999 -1.33979999999998
2.71999999999999 -1.35519999999998
2.72999999999999 -1.36619999999999
2.73999999999999 -1.37279999999999
2.74999999999999 -1.375
2.75999999999999 -1.37280000000001
2.76999999999998 -1.36620000000001
2.77999999999998 -1.35520000000002
2.78999999999998 -1.33980000000003
2.79999999999998 -1.32000000000003
2.80999999999998 -1.29580000000004
2.81999999999998 -1.26720000000005
2.82999999999998 -1.23420000000006
2.83999999999998 -1.19680000000007
2.84999999999998 -1.15500000000007
2.85999999999998 -1.10880000000008
2.86999999999998 -1.05820000000009
2.87999999999998 -1.0032000000001
2.88999999999998 -0.943800000000109
2.89999999999998 -0.880000000000118
2.90999999999998 -0.811800000000127
2.91999999999998 -0.739200000000137
2.92999999999998 -0.662200000000146
2.93999999999998 -0.580800000000156
2.94999999999998 -0.495000000000166
2.95999999999998 -0.404800000000177
2.96999999999998 -0.310200000000187
2.97999999999998 -0.211200000000198
2.98999999999998 -0.107800000000209
2.99999999999998 -2.19380069665931E-13
3.00999999999998 0.108199999999785
3.01999999999998 0.21279999999979
3.02999999999998 0.313799999999795
3.03999999999998 0.411199999999801
3.04999999999998 0.504999999999806
3.05999999999998 0.595199999999812
3.06999999999998 0.681799999999818
3.07999999999998 0.764799999999824
3.08999999999998 0.84419999999983
3.09999999999998 0.919999999999836
3.10999999999998 0.992199999999843
3.11999999999998 1.06079999999985
3.12999999999998 1.12579999999986
3.13999999999998 1.18719999999986
3.14999999999998 1.24499999999987
3.15999999999998 1.29919999999988
3.16999999999998 1.34979999999988
3.17999999999998 1.39679999999989
3.18999999999998 1.4401999999999
3.19999999999998 1.47999999999991
3.20999999999998 1.51619999999992
3.21999999999998 1.54879999999992
3.22999999999998 1.57779999999993
3.23999999999997 1.60319999999994
3.24999999999997 1.62499999999995
3.25999999999997 1.64319999999996
3.26999999999997 1.65779999999997
3.27999999999997 1.66879999999998
3.28999999999997 1.67619999999999
3.29999999999997 1.67999999999999
3.30999999999997 1.6802
3.31999999999997 1.67680000000001
3.32999999999997 1.66980000000002
3.33999999999997 1.65920000000003
3.34999999999997 1.64500000000004
3.35999999999997 1.62720000000005
3.36999999999997 1.60580000000006
3.37999999999997 1.58080000000008
3.38999999999997 1.55220000000009
3.39999999999997 1.5200000000001
3.40999999999997 1.48420000000011
3.41999999999997 1.44480000000012
3.42999999999997 1.40180000000013
3.43999999999997 1.35520000000014
3.44999999999997 1.30500000000015
3.45999999999997 1.25120000000016
3.46999999999997 1.19380000000018
3.47999999999997 1.13280000000019
3.48999999999997 1.0682000000002
3.49999999999997 1.00000000000021
3.50999999999997 0.931800000000205
3.51999999999997 0.867200000000195
3.52999999999997 0.806200000000185
3.53999999999997 0.748800000000175
3.54999999999997 0.695000000000165
3.55999999999997 0.644800000000154
3.56999999999997 0.598200000000144
3.57999999999997 0.555200000000133
3.58999999999997 0.515800000000122
3.59999999999997 0.480000000000111
3.60999999999997 0.4478000000001
3.61999999999997 0.419200000000089
3.62999999999997 0.394200000000078
3.63999999999997 0.372800000000066
3.64999999999997 0.355000000000054
3.65999999999997 0.340800000000042
3.66999999999997 0.33020000000003
3.67999999999997 0.323200000000018
3.68999999999997 0.319800000000006
3.69999999999997 0.319999999999993
3.70999999999996 0.32379999999998
3.71999999999996 0.331199999999968
3.72999999999996 0.342199999999955
3.73999999999996 0.356799999999941
3.74999999999996 0.374999999999928
3.75999999999996 0.396799999999915
3.76999999999996 0.422199999999901
3.77999999999996 0.451199999999887
3.78999999999996 0.483799999999873
3.79999999999996 0.519999999999859
3.80999999999996 0.559799999999845
3.81999999999996 0.603199999999831
3.82999999999996 0.650199999999816
3.83999999999996 0.700799999999802
3.84999999999996 0.754999999999787
3.85999999999996 0.812799999999771
3.86999999999996 0.874199999999756
3.87999999999996 0.939199999999741
3.88999999999996 1.00779999999973
3.89999999999996 1.07999999999971
3.90999999999996 1.15579999999969
3.91999999999996 1.23519999999968
3.92999999999996 1.31819999999966
3.93999999999996 1.40479999999965
3.94999999999996 1.49499999999963
3.95999999999996 1.58879999999961
3.96999999999996 1.6861999999996
3.97999999999996 1.78719999999958
3.98999999999996 1.89179999999956
3.99999999999996 1.99999999999955
4.00999999999996 2.10819999999956
4.01999999999996 2.21279999999958
4.02999999999996 2.31379999999959
4.03999999999996 2.4111999999996
4.04999999999996 2.50499999999961
4.05999999999996 2.59519999999963
4.06999999999996 2.68179999999964
4.07999999999996 2.76479999999965
4.08999999999996 2.84419999999967
4.09999999999996 2.91999999999968
4.10999999999996 2.9921999999997
4.11999999999996 3.06079999999971
4.12999999999996 3.12579999999972
4.13999999999996 3.18719999999974
4.14999999999996 3.24499999999975
4.15999999999996 3.29919999999977
4.16999999999996 3.34979999999978
4.17999999999996 3.3967999999998
4.18999999999996 3.44019999999981
4.19999999999995 3.47999999999983
4.20999999999995 3.51619999999984
4.21999999999995 3.54879999999986
4.22999999999995 3.57779999999988
4.23999999999995 3.60319999999989
4.24999999999995 3.62499999999991
4.25999999999995 3.64319999999992
4.26999999999995 3.65779999999994
4.27999999999995 3.66879999999996
4.28999999999995 3.67619999999997
4.29999999999995 3.67999999999999
4.30999999999995 3.68020000000001
4.31999999999995 3.67680000000002
4.32999999999995 3.66980000000004
4.33999999999995 3.65920000000006
4.34999999999995 3.64500000000008
4.35999999999995 3.6272000000001
4.36999999999995 3.60580000000011
4.37999999999995 3.58080000000013
4.38999999999995 3.55220000000015
4.39999999999995 3.52000000000017
4.40999999999995 3.48420000000019
4.41999999999995 3.44480000000021
4.42999999999995 3.40180000000022
4.43999999999995 3.35520000000024
4.44999999999995 3.30500000000026
4.45999999999995 3.25120000000028
4.46999999999995 3.1938000000003
4.47999999999995 3.13280000000032
4.48999999999995 3.06820000000034
4.49999999999995 3.00000000000036


0 -13
0.01 -12.64
0.02 -12.28
0.03 -11.92
0.04 -11.56
0.05 -11.2
0.06 -10.84
0.07 -10.48
0.08 -10.12
0.09 -9.76
0.1 -9.4
0.11 -9.04
0.12 -8.68
0.13 -8.32
0.14 -7.96
0.15 -7.6
0.16 -7.24
0.17 -6.88
0.18 -6.52
0.19 -6.16
0.2 -5.8
0.21 -5.44
0.22 -5.08
0.23 -4.72
0.24 -4.36
0.25 -4
0.26 -3.64
0.27 -3.28
0.28 -2.92
0.29 -2.56
0.3 -2.2
0.31 -1.84
0.32 -1.48
0.33 -1.12
0.34 -0.759999999999994
0.35 -0.399999999999995
0.36 -0.0399999999999938
0.37 0.320000000000006
0.38 0.680000000000007
0.39 1.04000000000001
0.4 1.40000000000001
0.41 1.76000000000001
0.42 2.12000000000001
0.43 2.48000000000001
0.44 2.84000000000001
0.45 3.20000000000001
0.46 3.56000000000001
0.47 3.92000000000001
0.48 4.28000000000001
0.49 4.64000000000001
0.5 5
0.51 4.96
0.52 4.92
0.53 4.88
0.54 4.84
0.55 4.8
0.56 4.76
0.57 4.72
0.58 4.68
0.59 4.64
0.6 4.6
0.61 4.56
0.62 4.52
0.63 4.48
0.64 4.44
0.65 4.4
0.66 4.36
0.67 4.32
0.68 4.28
0.69 4.24
0.7 4.2
0.71 4.16
0.72 4.12
0.73 4.08
0.74 4.04
0.75 4
0.76 3.96
0.77 3.92
0.78 3.88
0.79 3.84
0.8 3.8
0.81 3.76
0.820000000000001 3.72
0.830000000000001 3.68
0.840000000000001 3.64
0.850000000000001 3.6
0.860000000000001 3.56
0.870000000000001 3.52
0.880000000000001 3.48
0.890000000000001 3.44
0.900000000000001 3.4
0.910000000000001 3.36
0.920000000000001 3.32
0.930000000000001 3.28
0.940000000000001 3.24
0.950000000000001 3.2
0.960000000000001 3.16
0.970000000000001 3.12
0.980000000000001 3.08
0.990000000000001 3.04
1 2.99999999999999
1.01 2.87999999999999
1.02 2.75999999999999
1.03 2.63999999999999
1.04 2.51999999999999
1.05 2.39999999999999
1.06 2.27999999999999
1.07 2.15999999999999
1.08 2.03999999999999
1.09 1.91999999999999
1.1 1.79999999999999
1.11 1.67999999999999
1.12 1.55999999999999
1.13 1.43999999999999
1.14 1.31999999999999
1.15 1.19999999999999
1.16 1.07999999999999
1.17 0.95999999999999
1.18 0.83999999999999
1.19 0.71999999999999
1.2 0.59999999999999
1.21 0.47999999999999
1.22 0.35999999999999
1.23 0.23999999999999
1.24 0.119999999999989
1.25 -1.06581410364015E-14
1.26 -0.120000000000011
1.27 -0.240000000000011
1.28 -0.360000000000011
1.29 -0.480000000000011
1.3 -0.600000000000011
1.31 -0.720000000000011
1.32 -0.840000000000011
1.33 -0.960000000000012
1.34 -1.08000000000001
1.35 -1.20000000000001
1.36 -1.32000000000001
1.37 -1.44000000000001
1.38 -1.56000000000001
1.39 -1.68000000000001
1.4 -1.80000000000001
1.41 -1.92000000000001
1.42 -2.04000000000001
1.43 -2.16000000000001
1.44 -2.28000000000001
1.45 -2.40000000000001
1.46 -2.52000000000001
1.47 -2.64000000000001
1.48 -2.76000000000001
1.49 -2.88000000000001
1.5 -3
1.51 -2.96
1.52 -2.92
1.53 -2.88
1.54 -2.84
1.55 -2.8
1.56 -2.76
1.57 -2.72
1.58 -2.68
1.59 -2.64
1.6 -2.6
1.61 -2.56
1.62 -2.52
1.63 -2.48
1.64 -2.44
1.65 -2.4
1.66 -2.35999999999999
1.67 -2.31999999999999
1.68 -2.27999999999999
1.69 -2.23999999999999
1.7 -2.19999999999999
1.71 -2.15999999999999
1.72 -2.11999999999999
1.73 -2.07999999999999
1.74 -2.03999999999999
1.75 -1.99999999999999
1.76 -1.95999999999999
1.77 -1.91999999999999
1.78 -1.87999999999999
1.79 -1.83999999999999
1.8 -1.79999999999999
1.81 -1.75999999999999
1.82 -1.71999999999999
1.83 -1.67999999999999
1.84 -1.63999999999999
1.85 -1.59999999999999
1.86 -1.55999999999999
1.87 -1.51999999999999
1.88 -1.47999999999999
1.89 -1.43999999999999
1.9 -1.39999999999999
1.91 -1.35999999999999
1.92 -1.31999999999999
1.93 -1.27999999999999
1.94 -1.23999999999999
1.95 -1.19999999999999
1.96 -1.15999999999999
1.97 -1.11999999999999
1.98 -1.07999999999999
1.99 -1.03999999999999
2 -1.00000000000003
2.01 -1.20000000000002
2.02 -1.40000000000002
2.03 -1.60000000000001
2.04 -1.80000000000001
2.05 -2.00000000000001
2.06 -2.2
2.07 -2.4
2.08 -2.59999999999999
2.09 -2.79999999999999
2.1 -2.99999999999998
2.11 -3.19999999999998
2.12 -3.39999999999998
2.13 -3.59999999999997
2.14 -3.79999999999997
2.15 -3.99999999999996
2.16 -4.19999999999996
2.17 -4.39999999999995
2.18 -4.59999999999995
2.19 -4.79999999999995
2.2 -4.99999999999994
2.21 -5.19999999999994
2.22 -5.39999999999993
2.23 -5.59999999999993
2.24 -5.79999999999992
2.25 -5.99999999999992
2.26 -6.19999999999992
2.27 -6.39999999999991
2.28 -6.59999999999991
2.29 -6.7999999999999
2.29999999999999 -6.9999999999999
2.30999999999999 -7.19999999999989
2.31999999999999 -7.39999999999989
2.32999999999999 -7.59999999999989
2.33999999999999 -7.79999999999988
2.34999999999999 -7.99999999999988
2.35999999999999 -8.19999999999987
2.36999999999999 -8.39999999999987
2.37999999999999 -8.59999999999986
2.38999999999999 -8.79999999999986
2.39999999999999 -8.99999999999986
2.40999999999999 -9.19999999999985
2.41999999999999 -9.39999999999985
2.42999999999999 -9.59999999999984
2.43999999999999 -9.79999999999984
2.44999999999999 -9.99999999999983
2.45999999999999 -10.1999999999998
2.46999999999999 -10.3999999999998
2.47999999999999 -10.5999999999998
2.48999999999999 -10.7999999999998
2.49999999999999 -10.9999999999998
2.50999999999999 -10.5600000000004
2.51999999999999 -10.1200000000004
2.52999999999999 -9.68000000000044
2.53999999999999 -9.24000000000045
2.54999999999999 -8.80000000000046
2.55999999999999 -8.36000000000047
2.56999999999999 -7.92000000000048
2.57999999999999 -7.48000000000049
2.58999999999999 -7.04000000000049
2.59999999999999 -6.6000000000005
2.60999999999999 -6.16000000000051
2.61999999999999 -5.72000000000052
2.62999999999999 -5.28000000000053
2.63999999999999 -4.84000000000054
2.64999999999999 -4.40000000000055
2.65999999999999 -3.96000000000056
2.66999999999999 -3.52000000000057
2.67999999999999 -3.08000000000058
2.68999999999999 -2.64000000000059
2.69999999999999 -2.2000000000006
2.70999999999999 -1.76000000000061
2.71999999999999 -1.32000000000062
2.72999999999999 -0.880000000000626
2.73999999999999 -0.440000000000635
2.74999999999999 -6.44817532702291E-13
2.75999999999999 0.439999999999346
2.76999999999998 0.879999999999336
2.77999999999998 1.31999999999933
2.78999999999998 1.75999999999932
2.79999999999998 2.19999999999931
2.80999999999998 2.6399999999993
2.81999999999998 3.07999999999929
2.82999999999998 3.51999999999928
2.83999999999998 3.95999999999927
2.84999999999998 4.39999999999926
2.85999999999998 4.83999999999925
2.86999999999998 5.27999999999924
2.87999999999998 5.71999999999923
2.88999999999998 6.15999999999922
2.89999999999998 6.59999999999921
2.90999999999998 7.0399999999992
2.91999999999998 7.47999999999919
2.92999999999998 7.91999999999918
2.93999999999998 8.35999999999918
2.94999999999998 8.79999999999917
2.95999999999998 9.23999999999916
2.96999999999998 9.67999999999915
2.97999999999998 10.1199999999991
2.98999999999998 10.5599999999991
2.99999999999998 10.9999999999991
3.00999999999998 10.6400000000007
3.01999999999998 10.2800000000007
3.02999999999998 9.92000000000074
3.03999999999998 9.56000000000075
3.04999999999998 9.20000000000076
3.05999999999998 8.84000000000077
3.06999999999998 8.48000000000077
3.07999999999998 8.12000000000078
3.08999999999998 7.76000000000079
3.09999999999998 7.4000000000008
3.10999999999998 7.0400000000008
3.11999999999998 6.68000000000081
3.12999999999998 6.32000000000082
3.13999999999998 5.96000000000083
3.14999999999998 5.60000000000083
3.15999999999998 5.24000000000084
3.16999999999998 4.88000000000085
3.17999999999998 4.52000000000086
3.18999999999998 4.16000000000087
3.19999999999998 3.80000000000087
3.20999999999998 3.44000000000088
3.21999999999998 3.08000000000089
3.22999999999998 2.7200000000009
3.23999999999997 2.3600000000009
3.24999999999997 2.00000000000091
3.25999999999997 1.64000000000092
3.26999999999997 1.28000000000093
3.27999999999997 0.920000000000934
3.28999999999997 0.560000000000942
3.29999999999997 0.20000000000095
3.30999999999997 -0.159999999999043
3.31999999999997 -0.519999999999035
3.32999999999997 -0.879999999999027
3.33999999999997 -1.23999999999902
3.34999999999997 -1.59999999999901
3.35999999999997 -1.959999999999
3.36999999999997 -2.319999999999
3.37999999999997 -2.67999999999899
3.38999999999997 -3.03999999999898
3.39999999999997 -3.39999999999897
3.40999999999997 -3.75999999999897
3.41999999999997 -4.11999999999896
3.42999999999997 -4.47999999999895
3.43999999999997 -4.83999999999894
3.44999999999997 -5.19999999999894
3.45999999999997 -5.55999999999893
3.46999999999997 -5.91999999999892
3.47999999999997 -6.27999999999891
3.48999999999997 -6.63999999999891
3.49999999999997 -6.9999999999989
3.50999999999997 -6.64000000000111
3.51999999999997 -6.28000000000112
3.52999999999997 -5.92000000000113
3.53999999999997 -5.56000000000113
3.54999999999997 -5.20000000000114
3.55999999999997 -4.84000000000115
3.56999999999997 -4.48000000000116
3.57999999999997 -4.12000000000116
3.58999999999997 -3.76000000000117
3.59999999999997 -3.40000000000118
3.60999999999997 -3.04000000000119
3.61999999999997 -2.6800000000012
3.62999999999997 -2.3200000000012
3.63999999999997 -1.96000000000121
3.64999999999997 -1.60000000000122
3.65999999999997 -1.24000000000123
3.66999999999997 -0.880000000001234
3.67999999999997 -0.520000000001241
3.68999999999997 -0.160000000001249
3.69999999999997 0.199999999998743
3.70999999999996 0.559999999998736
3.71999999999996 0.919999999998728
3.72999999999996 1.27999999999872
3.73999999999996 1.63999999999871
3.74999999999996 1.99999999999871
3.75999999999996 2.3599999999987
3.76999999999996 2.71999999999869
3.77999999999996 3.07999999999868
3.78999999999996 3.43999999999867
3.79999999999996 3.79999999999867
3.80999999999996 4.15999999999866
3.81999999999996 4.51999999999865
3.82999999999996 4.87999999999864
3.83999999999996 5.23999999999864
3.84999999999996 5.59999999999863
3.85999999999996 5.95999999999862
3.86999999999996 6.31999999999861
3.87999999999996 6.67999999999861
3.88999999999996 7.0399999999986
3.89999999999996 7.39999999999859
3.90999999999996 7.75999999999858
3.91999999999996 8.11999999999857
3.92999999999996 8.47999999999857
3.93999999999996 8.83999999999856
3.94999999999996 9.19999999999855
3.95999999999996 9.55999999999855
3.96999999999996 9.91999999999854
3.97999999999996 10.2799999999985
3.98999999999996 10.6399999999985
3.99999999999996 10.9999999999985
4.00999999999996 10.6400000000015
4.01999999999996 10.2800000000015
4.02999999999996 9.92000000000149
4.03999999999996 9.5600000000015
4.04999999999996 9.20000000000151
4.05999999999996 8.84000000000152
4.06999999999996 8.48000000000152
4.07999999999996 8.12000000000153
4.08999999999996 7.76000000000154
4.09999999999996 7.40000000000155
4.10999999999996 7.04000000000156
4.11999999999996 6.68000000000156
4.12999999999996 6.32000000000157
4.13999999999996 5.96000000000158
4.14999999999996 5.60000000000159
4.15999999999996 5.24000000000159
4.16999999999996 4.8800000000016
4.17999999999996 4.52000000000161
4.18999999999996 4.16000000000162
4.19999999999995 3.80000000000162
4.20999999999995 3.44000000000163
4.21999999999995 3.08000000000164
4.22999999999995 2.72000000000165
4.23999999999995 2.36000000000165
4.24999999999995 2.00000000000166
4.25999999999995 1.64000000000167
4.26999999999995 1.28000000000168
4.27999999999995 0.920000000001686
4.28999999999995 0.560000000001693
4.29999999999995 0.200000000001701
4.30999999999995 -0.159999999998291
4.31999999999995 -0.519999999998284
4.32999999999995 -0.879999999998276
4.33999999999995 -1.23999999999827
4.34999999999995 -1.59999999999826
4.35999999999995 -1.95999999999825
4.36999999999995 -2.31999999999825
4.37999999999995 -2.67999999999824
4.38999999999995 -3.03999999999823
4.39999999999995 -3.39999999999822
4.40999999999995 -3.75999999999821
4.41999999999995 -4.11999999999821
4.42999999999995 -4.4799999999982
4.43999999999995 -4.83999999999819
4.44999999999995 -5.19999999999818
4.45999999999995 -5.55999999999818
4.46999999999995 -5.91999999999817
4.47999999999995 -6.27999999999816
4.48999999999995 -6.63999999999815
4.49999999999995 -6.99999999999815
