5 0:00.12 0.02 0.02
10 0:00.10 0.03 0.01
15 0:00.10 0.01 0.02
20 0:00.09 0.01 0.02
25 0:00.10 0.04 0.00
30 0:00.09 0.02 0.00
35 0:00.09 0.02 0.01
40 0:00.09 0.01 0.03
45 0:00.09 0.03 0.00
50 0:00.10 0.02 0.02
55 0:00.10 0.02 0.02
60 0:00.10 0.02 0.01
65 0:00.09 0.02 0.00
70 0:00.10 0.02 0.01
75 0:00.10 0.03 0.01
80 0:00.09 0.01 0.02
85 0:00.10 0.02 0.02
90 0:00.09 0.02 0.02
95 0:00.10 0.03 0.01
100 0:00.10 0.02 0.01
105 0:00.10 0.03 0.01
110 0:00.10 0.03 0.01
115 0:00.10 0.02 0.02
120 0:00.11 0.03 0.01
125 0:00.17 0.04 0.02
130 0:00.13 0.03 0.03
135 0:00.12 0.04 0.01
140 0:00.15 0.04 0.02
145 0:00.14 0.05 0.01
150 0:00.13 0.05 0.00
155 0:00.12 0.03 0.01
160 0:00.16 0.06 0.01
165 0:00.25 0.10 0.00
170 0:00.32 0.12 0.04
175 0:00.22 0.04 0.05
180 0:00.18 0.08 0.01
185 0:00.18 0.06 0.02
190 0:00.17 0.07 0.02
195 0:00.20 0.09 0.01
200 0:00.19 0.10 0.00
205 0:00.22 0.09 0.03
210 0:00.31 0.09 0.03
215 0:00.22 0.10 0.01
220 0:00.21 0.10 0.02
225 0:00.25 0.15 0.02
230 0:00.22 0.14 0.01
235 0:00.20 0.11 0.02
240 0:00.23 0.13 0.00
245 0:00.22 0.12 0.02
250 0:00.31 0.14 0.02
255 0:00.22 0.13 0.02
260 0:00.23 0.14 0.01
265 0:00.22 0.15 0.01
270 0:00.24 0.16 0.01
275 0:00.24 0.18 0.01
280 0:00.28 0.18 0.02
285 0:00.29 0.18 0.04
290 0:00.34 0.23 0.02
295 0:00.34 0.22 0.03
300 0:00.32 0.19 0.04
305 0:00.34 0.26 0.00
310 0:00.32 0.23 0.02
315 0:00.36 0.22 0.05
320 0:00.37 0.24 0.05
325 0:00.38 0.27 0.03
330 0:00.41 0.30 0.04
335 0:00.47 0.33 0.06
340 0:00.61 0.45 0.09
345 0:00.53 0.36 0.07
350 0:00.47 0.29 0.10
355 0:00.45 0.32 0.07
360 0:00.48 0.29 0.12
365 0:00.51 0.33 0.10
370 0:00.52 0.32 0.12
375 0:00.53 0.42 0.05
380 0:00.57 0.46 0.05
385 0:00.63 0.51 0.06
390 0:00.66 0.47 0.10
395 0:00.62 0.47 0.07
400 0:00.63 0.50 0.07
405 0:00.67 0.53 0.07
410 0:00.67 0.49 0.12
415 0:00.72 0.62 0.04
420 0:00.72 0.58 0.08
425 0:00.73 0.59 0.09
430 0:00.76 0.59 0.10
435 0:00.76 0.63 0.08
440 0:00.79 0.65 0.09
445 0:00.84 0.72 0.08
450 0:00.92 0.75 0.12
455 0:00.88 0.71 0.14
460 0:00.89 0.72 0.13
465 0:00.93 0.80 0.08
470 0:00.97 0.76 0.16
475 0:01.02 0.86 0.12
480 0:01.01 0.80 0.18
485 0:01.04 0.85 0.15
490 0:01.05 0.88 0.13
495 0:01.13 0.92 0.16
500 0:01.21 0.97 0.22
505 0:01.23 0.98 0.23
510 0:01.27 1.07 0.17
515 0:01.26 1.12 0.13
520 0:01.37 1.17 0.18
525 0:01.37 1.10 0.25
530 0:01.38 1.16 0.21
535 0:01.45 1.26 0.19
540 0:01.47 1.28 0.20
545 0:01.49 1.29 0.20
550 0:01.55 1.27 0.29
555 0:01.63 1.40 0.24
560 0:01.62 1.42 0.20
565 0:01.67 1.38 0.32
570 0:01.76 1.57 0.20
575 0:01.73 1.51 0.24
580 0:01.79 1.54 0.28
585 0:01.88 1.60 0.31
590 0:01.85 1.63 0.27
595 0:01.95 1.71 0.28
600 0:01.97 1.69 0.32
605 0:01.99 1.72 0.31
610 0:02.09 1.76 0.37
615 0:02.08 1.81 0.31
620 0:02.19 1.93 0.31
625 0:02.20 1.88 0.37
630 0:02.29 2.01 0.33
635 0:02.34 2.07 0.34
640 0:02.38 2.09 0.36
645 0:02.40 2.12 0.35
650 0:02.47 2.12 0.43
655 0:02.64 2.28 0.37
660 0:02.52 2.23 0.37
665 0:02.58 2.20 0.45
670 0:02.91 2.66 0.45
675 0:03.13 2.79 0.56
680 0:03.02 2.59 0.64
685 0:03.09 2.83 0.47
690 0:03.15 2.91 0.47
695 0:03.34 3.10 0.47
700 0:03.21 2.97 0.47
