1.4, 1.22125455597356, 0.91418947406863, 2, 0.612244897959184
1.6, 0.437164165450274, 0.437012711234738, 0.43844718719117, 0.612244897959184
1.8, 0.0448720321888048, 0.14023279214934, 0.43844718719117, 0.612244897959184
2, 0.0448720321888048, -0.0524759729883186, 0.43844718719117, 0.612244897959184
2.2, -0.168415022501642, -0.181773630471522, -0.0866033599676486, -0.11171531124577
2.4, -0.291231756138317, -0.270747362924365, -0.0866033599676486, -0.11171531124577
2.6, -0.291231756138317, -0.357284608312961, -0.295684095252838, -0.11171531124577
2.8, -0.364851060029119, -0.39503074643683, -0.295684095252838, -0.329227469763342
3, -0.410234150616596, -0.422389976502081, -0.388075124628417, -0.329227469763342
3.2, -0.410234150616596, -0.44238006209451, -0.388075124628417, -0.329227469763342
3.4, -0.438751116521279, -0.457073042137952, -0.388075124628417, -0.329227469763342
3.6, -0.4568940016195, -0.46791841257714, -0.431403796160157, -0.404937333245076
3.8, -0.4568940016195, -0.475946180738837, -0.431403796160157, -0.404937333245076
4, -0.468520949033837, -0.481897860717695, -0.452350092954856, -0.404937333245076
4.2, -0.475996679702566, -0.486312994328683, -0.452350092954856, -0.433192517568535
4.4, -0.475996679702566, -0.489587518803957, -0.452350092954856, -0.433192517568535
4.6, -0.480804478401371, -0.492013902452891, -0.462587729521582, -0.433192517568535
4.8, -0.483890158307919, -0.493809225509652, -0.462587729521582, -0.433192517568535
5, -0.483890158307919, -0.495135135750386, -0.467582237398361, -0.44395075088747
5.2, -0.48586326527148, -0.496112227852846, -0.467582237398361, -0.44395075088747
5.4, -0.487118884751691, -0.496830530100951, -0.467582237398361, -0.44395075088747
5.6, -0.487118884751691, -0.497357229814916, -0.469995112666495, -0.448009312617475
5.8, -0.487913528965006, -0.497742410771352, -0.469995112666495, -0.448009312617475
6, -0.488413497045488, -0.498023340106865, -0.471144476218211, -0.448009312617475
6.2, -0.488413497045488, -0.49822768464622, -0.471144476218211, -0.448009312617475
6.4, -0.488726196120953, -0.49837592965588, -0.471144476218211, -0.449503829783104
6.6, -0.488920627516421, -0.498483199206373, -0.47168339987986, -0.449503829783104
6.8, -0.488920627516421, -0.498560625444788, -0.47168339987986, -0.449503829783104
7, -0.48904084198668, -0.498616376925678, -0.471932143715335, -0.450038225103181
7.2, -0.489114772884174, -0.498656429055553, -0.471932143715335, -0.450038225103181
7.4, -0.489114772884174, -0.498685139622079, -0.471932143715335, -0.450038225103181
7.6, -0.489160012576655, -0.498705677290835, -0.472045269041592, -0.450038225103181
7.8, -0.489187566857397, -0.49872033950133, -0.472045269041592, -0.450223870135363


0.1, -0.498023340106865, -0.498616376925678, -0.498730787451375, -0.49875545384249
0.2, -0.494333917499431, -0.494950375343918, -0.495070533911522, -0.495096746302706
0.3, -0.487913528965005, -0.48904084198668, -0.489187566857397, -0.489228337557277
0.4, -0.480564757305477, -0.481208800839194, -0.481421960869372, -0.48145489301095
0.5, -0.471144476218211, -0.471932143715335, -0.47209603405795, -0.472134576662476
0.6, -0.460520959810439, -0.461196199281384, -0.461573851130376, -0.461636516136403
0.7, -0.448009312617475, -0.450038225103181, -0.450223870135363, -0.45031431030238
0.8, -0.435859820487694, -0.437661593413605, -0.438404669468991, -0.438470615826142
0.9, -0.42243644312103, -0.425271856763271, -0.426078079689989, -0.426368671311243
1, -0.412256684215629, -0.413737780159445, -0.414103241417605, -0.414208239230934
1.1, -0.397733071568878, -0.401158739365073, -0.401943210826897, -0.402146172411667
1.2, -0.387699672409832, -0.387699672409832, -0.389793794366489, -0.390295401853687
1.3, -0.370495645736492, -0.377195827104906, -0.378493809072889, -0.378725004811882
1.4, -0.361909706392365, -0.361909706392365, -0.366617319640401, -0.367562249467397
1.5, -0.333333333333333, -0.352838265261167, -0.356184605213845, -0.356704913725269
1.6, -0.328247040524721, -0.343614762499542, -0.343614762499542, -0.346356696399007
1.7, -0.322221535439562, -0.334442393535066, -0.334442393535066, -0.336190054396208
1.8, -0.315642346405458, -0.315642346405458, -0.325444281773678, -0.326727238823267
1.9, -0.308768895071104, -0.308768895071104, -0.316693452133288, -0.317644662091237
2, -0.25, -0.301776695296637, -0.301776695296637, -0.308231159305099
2.1, -0.249433106575964, -0.294784580498866, -0.294784580498866, -0.300078324564992
2.2, -0.247933884297521, -0.287872611026018, -0.287872611026018, -0.292242799112324
2.3, -0.245746691871456, -0.281094051551306, -0.281094051551306, -0.28472404729693
2.4, -0.243055555555556, -0.243055555555556, -0.274483501317824, -0.277516204922526
2.5, -0.24, -0.24, -0.268062484748657, -0.268062484748657
2.6, -0.236686390532544, -0.236686390532544, -0.261843339251899, -0.261843339251899
2.7, -0.233196159122085, -0.233196159122085, -0.233196159122085, -0.255831945242877
2.8, -0.229591836734694, -0.229591836734694, -0.229591836734694, -0.250029659018401
2.9, -0.225921521997622, -0.225921521997622, -0.225921521997622, -0.244434690569611


0.1, 0.180547825687734, 0.0639444025444358, 0.0348240378642848
0.2, 0.326787073227562, 0.115259685797913, 0.0627219498653863
0.3, 0.443607355094935, 0.155336969817601, 0.0844173369240836
0.4, 0.53527885176314, 0.185446555862889, 0.100578670283175
0.5, 0.605525878884105, 0.206747141106081, 0.111822790513275
0.6, 0.657592066712534, 0.220294385918563, 0.118718209208261
0.7, 0.694298081538161, 0.227048876718163, 0.121788223614811
0.8, 0.718092717931792, 0.227883524625074, 0.121513853940041
0.9, 0.731098100442973, 0.223590437604299, 0.11833661260402
1, 0.73514965287185, 0.214887301362288, 0.112661114249134
1.1, 0.731831421354053, 0.202423302004073, 0.104857534884667
1.2, 0.722507273332609, 0.186784621336396, 0.0952639281317217
1.3, 0.70834843722666, 0.168499533713061, 0.0841884061397493
1.4, 0.690357796511031, 0.148043131453409, 0.0719111923706236
1.5, 0.669391306338847, 0.125841704115783, 0.0586865530886187
1.6, 0.646176860184128, 0.102276795267977, 0.0447446140538565
1.7, 0.621330897728231, 0.0776889588594463, 0.0302930685922249
1.8, 0.595373012894104, 0.052381235859275, 0.0155187829055396
1.9, 0.568738792124496, 0.0266223704734509, 0.000589304191149321
2, 0.541791087329812, 0.000649783989603828, -0.0143457231402296
2.1, 0.514829905061494, -0.0253276768881876, -0.0291532281268999
2.2, 0.488101073097522, -0.0511272014627337, -0.0437154660315203
2.3, 0.461803827488944, -0.0765896715138129, -0.0579288487043394
2.4, 0.43609744697035, -0.101577499078073, -0.0717028482398129
2.5, 0.411107047267705, -0.125972632714286, -0.0849589698515413
2.6, 0.386928635052854, -0.149674720283987, -0.0976297900993808
2.7, 0.363633509922753, -0.172599417077338, -0.109658056801318
2.8, 0.341272092671222, -0.194676828862799, -0.120995847151923
2.9, 0.319877249133537, -0.215850080139913, -0.131603780749124
3, 0.299467170898423, -0.236073998530208, -0.141450284402303
3.1, 0.280047867088095, -0.255313906854696, -0.150510905757603
3.2, 0.261615315107865, -0.273544515020384, -0.158767672931208
3.3, 0.244157312675355, -0.29074890437487, -0.166208497488772
3.4, 0.227655068478086, -0.306917597690141, -0.172826618249143
3.5, 0.21208456440751, -0.32204770840593, -0.178620083523857
3.6, 0.197417718416318, -0.336142163201741, -0.183591269530399
3.7, 0.183623373588071, -0.349208992376694, -0.187746432837659
3.8, 0.170668135945675, -0.361260682899513, -0.191095294816286
3.9, 0.158517080813366, -0.372313589348985, -0.193650656175554
4, 0.14713434514709, -0.382387398299684, -0.195428039771315
4.1, 0.136483621125564, -0.391504642020005, -0.196445359968042
4.2, 0.126528564417743, -0.399690257641274, -0.196722616930954
4.3, 0.117233128884479, -0.406971188228892, -0.196281614312755
4.4, 0.108561838008122, -0.413376022440645, -0.195145698883608
4.5, 0.100480002051863, -0.418934669694394, -0.193339520732757
4.6, 0.09295388881122, -0.423678067988594, -0.190888812745846
4.7, 0.0859508548159321, -0.427637921725517, -0.187820188134014
4.8, 0.0794394429562426, -0.430846467079292, -0.184160954858962
4.9, 0.073389451729356, -0.433336262630513, -0.179938945862955
5, 0.0677719806176456, -0.435140003156123, -0.175182364074147
5.1, 0.0625594555090439, -0.436290354619297, -0.169919641215762
5.2, 0.0577256375424674, -0.436819808549004, -0.164179309503042
5.3, 0.0532456182984419, -0.436760554134233, -0.157989885364075
5.4, 0.0490958038498329, -0.436144366483676, -0.151379764370371
5.5, 0.0452538898329571, -0.435002509618771, -0.144377126610074
5.6, 0.0416988293894003, -0.433365652877072, -0.137009851781214
5.7, 0.03841079555833, -0.431263799504267, -0.129305443324749
5.8, 0.0353711394632446, -0.428726226307476, -0.121290960957052
5.9, 0.0325623454318317, -0.425781433330156, -0.112992960999446
6, 0.0299679840091597, -0.422457102590335, -0.104437443938251
6.1, 0.0275726636696959, -0.418780064999616, -0.0956498086827235
6.2, 0.0253619818995632, -0.414776274650753, -0.0866548130204918
6.3, 0.0233224762046106, -0.410470789726686, -0.0774765398003723
6.4, 0.0214415755000174, -0.405887759344621, -0.0681383684013452
6.5, 0.0197075522511607, -0.401050415704854, -0.0586629510735626
6.6, 0.0181094756618525, -0.395981070966053, -0.0490721937630658
6.7, 0.0166371661429309, -0.390701118317147, -0.0393872410561105
6.8, 0.0152811512405067, -0.385231036760452, -0.0296284649020688
6.9, 0.0140326231575234, -0.379590399162331, -0.0198154567954925
7, 0.0128833979637051, -0.373797883165783, -0.0099670231184884
7.1, 0.0118258765565355, -0.367871284594985, -0.000101183363842333
7.2, 0.0108530074087493, -0.361827533014464, 0.00976482902229797
7.3, 0.00995825111526981, -0.35568270913595, 0.0196145634222765
7.4, 0.0091355467339522, -0.349452063793934, 0.029432346680991
7.5, 0.00837927989931317, -0.343150038236727, 0.0392032758046429
7.6, 0.00768425267618075, -0.33679028550371, 0.0489132089220854
7.7, 0.00704565511049475, -0.330385692681387, 0.0585487546931225
7.8, 0.00645903842689266, -0.323948403851085, 0.0680972603352355
7.9, 0.00592028981697476, -0.317489843559798, 0.0775467984281555
8, 0.00542560875793825, -0.311020740662806, 0.0868861526443034
8.1, 0.00497148479835888, -0.304551152402423, 0.0961048025423878
8.2, 0.00455467674611368, -0.29809048860168, 0.105192907551441
8.3, 0.00417219319253879, -0.291647535865155, 0.114141290263036
8.4, 0.00382127430677425, -0.285230481691086, 0.122941419140556
8.5, 0.00349937483475454, -0.278846938410332, 0.131585390746042
8.6, 0.00320414823827723, -0.272503966877714, 0.14006591157725
8.7, 0.00293343191097922, -0.266208099850714, 0.148376279600225
8.8, 0.00268523340976103, -0.259965364998972, 0.156510365555779
8.9, 0.0024577176421726, -0.253781307495799, 0.164462594111719
9, 0.00224919495237758, -0.247661012149936, 0.172227924926717
9.1, 0.00205811005063126, -0.241609125042293, 0.179801833685927
9.2, 0.0018830317335145, -0.235629874638125, 0.187180293163147
9.3, 0.00172264334461005, -0.229727092350458, 0.194359754359425
9.4, 0.00157573392771967, -0.223904232535327, 0.201337127763242
9.5, 0.00144119002712268, -0.218164391903678, 0.208109764773142
9.6, 0.00131798809180974, -0.212510328338725, 0.214675439319589
9.7, 0.00120518744291447, -0.206944479110936, 0.221032329719082
9.8, 0.00110192376591267, -0.201468978486079, 0.227179000789946
9.9, 0.00100740309134836, -0.196085674724451, 0.233114386256078
10, 0.000920896230003694, -0.190796146471939, 0.238837771461725
10.1, 0.000841733630491061, -0.185601718545746, 0.244348776417627
10.2, 0.000769300629236544, -0.180503477119632, 0.249647339196213
10.3, 0.000703033064718952, -0.175502284315119, 0.254733699691029
10.4, 0.000642413229608365, -0.170598792206725, 0.259608383753425
10.5, 0.000586966136210628, -0.165793456250518, 0.264272187717308
10.6, 0.000536256072200847, -0.161086548146446, 0.268726163320934
10.7, 0.000489883425217682, -0.156478168145843, 0.272971603032859
10.8, 0.000447481756303509, -0.151968256816329, 0.277010025787584
10.9, 0.000408715103576709, -0.147556606276994, 0.280843163134817
11, 0.000373275498810789, -0.143242870917335, 0.284472945805014
11.1, 0.000340880680789499, -0.139026577613828, 0.287901490692474
11.2, 0.00031127199048025, -0.1349071354584, 0.291131088256141
11.3, 0.000284212434103039, -0.130883845013261, 0.294164190337225
11.4, 0.00025948490120511, -0.126955907106849, 0.297003398391737
11.5, 0.000236890525762197, -0.123122431185581, 0.299651452135176
11.6, 0.000216247179218372, -0.119382443236295, 0.302111218595847
11.7, 0.000197388085186384, -0.115734893294153, 0.304385681572455
11.8, 0.000180160546294444, -0.112178662550732, 0.306477931491138
11.9, 0.000164424774373766, -0.108712570076927, 0.308391155656366
12, 0.000150052815844042, -0.105335379175109, 0.310128628889741
12.1, 0.000136927564766211, -0.102045803374818, 0.311693704550178
12.2, 0.000124941856602796, -0.0988425120860119, 0.313089805928631
12.3, 0.000113997636264245, -0.095724135923686, 0.314320418010108
12.4, 0.000104005194498509, -0.0926892717173739, 0.315389079595466
12.5, 9.4882467154133E-05, -0.0897364872187692, 0.316299375775195
12.6, 8.65543922582065E-05, -0.08686432552039, 0.317054930747187
12.7, 7.89523202527478E-05, -0.0840713091979147, 0.317659400970258
12.8, 7.20134730872251E-05, -0.0813559441884437, 0.318116468645182
12.9, 6.56804482096165E-05, -0.0787167234166354, 0.318429835514717
13, 5.99007638100572E-05, -0.0761521301803375, 0.318603216974086
13.1, 5.46264419494719E-05, -0.0736606413069352, 0.3186403364834
13.2, 4.9813626485132E-05, -0.0712407300913289, 0.318544920273306
13.3, 4.54222329414412E-05, -0.0688908690260959, 0.318320692335317
13.4, 4.14156277037996E-05, -0.0666095323340196, 0.317971369688159
13.5, 3.77603341278819E-05, -0.0643951983128396, 0.31750065791155
13.6, 3.44257633395799E-05, -0.0622463515017202, 0.316912246938892
13.7, 3.13839676950354E-05, -0.0601614846786089, 0.31620980710042
13.8, 2.86094150151764E-05, -0.0581391006972622, 0.315396985408347
13.9, 2.60787818838721E-05, -0.0561777141724595, 0.314477402075798
14, 2.37707644147889E-05, -0.0542758530215491, 0.313454647261259
14.1, 2.16659050384614E-05, -0.0524320598701244, 0.312332278030486
14.2, 1.97464339755959E-05, -0.0506448933293997, 0.311113815527919
14.3, 1.7996124166428E-05, -0.0489129291524378, 0.309802742349785
14.4, 1.64001585270107E-05, -0.0472347612761671, 0.308402500111134
14.5, 1.49450085075165E-05, -0.0456090027557754, 0.306916487199358
14.6, 1.36183230007201E-05, -0.0440342865978314, 0.305348056706716
14.7, 1.24088267203015E-05, -0.0425092664981319, 0.303700514534676
14.8, 1.13062272701118E-05, -0.041032617490112, 0.301977117662963
14.9, 1.03011301556297E-05, -0.039603036509273, 0.300181072576414
15, 9.38496107427345E-06, -0.0382192428789267, 0.298315533842874
15.1, 8.54989486374298E-06, -0.0368799787222322, 0.296383602835533
15.2, 7.78879055261116E-06, -0.0355840093053591, 0.29438832659333
15.3, 7.09513198569E-06, -0.0343301233162491, 0.292332696813113
15.4, 6.46297355987456E-06, -0.0331171330833682, 0.290219648967518
15.5, 5.88689062611595E-06, -0.0319438747385111, 0.288052061542633
15.6, 5.36193416951946E-06, -0.0308092083275995, 0.285832755389721
15.7, 4.88358939734741E-06, -0.0297120178731634, 0.283564493185417
15.8, 4.44773790308084E-06, -0.0286512113920252, 0.281249978994984
15.9, 4.05062309837799E-06, -0.0276257208715272, 0.278891857933432
16, 3.68881863943055E-06, -0.0266345022074636, 0.276492715919367
16.1, 3.35919958149488E-06, -0.0256765351066894, 0.274055079516701
16.2, 3.05891603777919E-06, -0.0247508229572642, 0.271581415859457
16.3, 2.78536912238805E-06, -0.0238563926687851, 0.269074132655095
16.4, 2.53618897912508E-06, -0.0229922944854391, 0.266535578261885
16.5, 2.30921472297586E-06, -0.0221576017741669, 0.263968041836115
16.6, 2.10247612149064E-06, -0.0213514107901629, 0.261373753544922
16.7, 1.9141768769734E-06, -0.0205728404218786, 0.258754884840855
16.8, 1.74267935709129E-06, -0.0198210319174633, 0.256113548794269
16.9, 1.58649066201172E-06, -0.0190951485945636, 0.253451800479887
17, 1.44424990406575E-06, -0.018394375535229, 0.250771637413995
17.1, 1.31471660115178E-06, -0.0177179192675847, 0.248075000038825
17.2, 1.1967600792318E-06, -0.0170650074358187, 0.245363772250879
17.3, 1.0893498067157E-06, -0.0164348884599443, 0.242639781970033
17.4, 9.91546570057676E-07, -0.0158268311867042, 0.239904801746387
17.5, 9.02494424227077E-07, -0.0152401245328841, 0.237160549401998
17.6, 8.21413350309732E-07, -0.0146740771222415, 0.23440868870469
17.7, 7.47592552251317E-07, -0.0141280169171359, 0.23165083007131
17.8, 6.803843455743E-07, -0.0136012908459222, 0.228888531297871
17.9, 6.19198580470188E-07, -0.0130932644270669, 0.226123298314172
18, 5.63497555460284E-07, -0.0126033213908549, 0.223356585960536
18.1, 5.12791380224512E-07, -0.0121308632995745, 0.220589798784513
18.2, 4.66633742860023E-07, -0.0116753091668879, 0.217824291855357
18.3, 4.24618049516491E-07, -0.011236095077137, 0.215061371594344
18.4, 3.86373911799662E-07, -0.0108126738052663, 0.212302296618934
18.5, 3.51563929588532E-07, -0.0104045144378765, 0.209548278599014
18.6, 3.19880772371592E-07, -0.0100111019961031, 0.206800483123461
18.7, 2.91044507452847E-07, -0.00963193706069143, 0.204060030575356
18.8, 2.64800170046532E-07, -0.00926653539985017, 0.201327997014331
18.9, 2.40915545592615E-07, -0.00891442760023632, 0.198605415064521
19, 2.19179145692575E-07, -0.00857515870149076, 0.195893274806755
19.1, 1.99398370906124E-07, -0.00824828783469393, 0.193192524673617
19.2, 1.81397826176241E-07, -0.00793338786500774, 0.190504072346165
19.3, 1.65017790428466E-07, -0.00763004503884192, 0.187828785651079
19.4, 1.50112825140584E-07, -0.00733785863578455, 0.185167493457159
19.5, 1.36550498597242E-07, -0.00705644062550516, 0.182520986570086
19.6, 1.24210228545388E-07, -0.00678541532986076, 0.179890018624493
19.7, 1.1298222570855E-07, -0.00652441909036986, 0.177275306972387
19.8, 1.02766531544667E-07, -0.00627309994119521, 0.17467753356706
19.9, 9.34721415672237E-08, -0.00603111728780047, 0.172097345841683
20, 8.50162056605126E-08, -0.0057981415913563, 0.169535357581822
20.1, 7.73233006492226E-08, -0.00557385405900872, 0.166992149791137
20.2, 7.03247665536056E-08, -0.00535794634009005, 0.164468271549653
20.3, 6.39581023398216E-08, -0.00515012022831273, 0.161964240863944
20.4, 5.81664156791282E-08, -0.00495008737000979, 0.159480545508684
20.5, 5.2897920454085E-08, -0.00475756897843932, 0.157017643859049
20.6, 4.81054811697477E-08, -0.00457229555418185, 0.154575965713461
20.7, 4.37461956689583E-08, -0.0043940066116168, 0.15215591310625
20.8, 3.97810171291E-08, -0.00422245041149969, 0.149757861109826
20.9, 3.61744086547445E-08, -0.00405738369959401, 0.147382158625985
21, 3.28940276923336E-08, -0.0038985714513611, 0.14502912916602
21.1, 2.9910441465732E-08, -0.00374578662264848, 0.142699071619332
21.2, 2.71968643515476E-08, -0.00359880990635865, 0.14039226101027
21.3, 2.47289225419738E-08, -0.00345742949502976, 0.138108949242969
21.4, 2.24844344505487E-08, -0.00332144084927327, 0.13584936583395
21.5, 2.04432183200087E-08, -0.00319064647203995, 0.133613718632319
21.6, 1.85869088872646E-08, -0.0030648556885936, 0.131402194527412
21.7, 1.68987960505379E-08, -0.00294388443216761, 0.129214960143713
21.8, 1.53636753991166E-08, -0.0028275550352002, 0.12705216252297
21.9, 1.39677140888578E-08, -0.00271569602609152, 0.124913929793405
22, 1.26983269188599E-08, -0.00260814193137434, 0.12280037182594
22.1, 1.15440631022416E-08, -0.00250473308322993, 0.120711580877412
22.2, 1.04945059052692E-08, -0.00240531543226216, 0.118647632220712
22.3, 9.5401776887344E-09, -0.00230974036541832, 0.116608584761863
22.4, 8.67245845261218E-09, -0.00221786452900248, 0.114594481644027
22.5, 7.88350442140431E-09, -0.00212954965663428, 0.112605350838459
22.6, 7.16618237206408E-09, -0.00204466240211018, 0.110641205722438
22.7, 6.51400149904617E-09, -0.00196307417703936, 0.108702045644227
22.8, 5.92105941402652E-09, -0.0018846609931633, 0.106787856475112
22.9, 5.38198726390904E-09, -0.00180930330926567, 0.104898611148601
23, 4.89190048369599E-09, -0.00173688588256919, 0.103034270186861
23.1, 4.44635696255355E-09, -0.00166729762453138, 0.101194782214469
23.2, 4.0413173674568E-09, -0.00160043146092737, 0.0993800844596115
23.3, 3.67310622604685E-09, -0.00153618419612744, 0.0975901032428081
23.4, 3.33838207442934E-09, -0.00147445638148295, 0.0958247544533062
23.5, 3.03410553418487E-09, -0.00141515218770059, 0.0940839440132605
23.6, 2.7575119024347E-09, -0.00135817928113016, 0.0923675683298183
23.7, 2.50608848667846E-09, -0.0013034487038662, 0.0906755147352953
23.8, 2.27754842071776E-09, -0.00125087475755328, 0.0890076619155235
23.9, 2.06981341899473E-09, -0.00120037489082253, 0.0873638803265855
24, 1.88099279606851E-09, -0.00115186959025781, 0.085744032600051
24.1, 1.7093675421363E-09, -0.00110528227479221, 0.0841479739368951
24.2, 1.55337485511742E-09, -0.00106053919346444, 0.0825755524902468
24.3, 1.41159348250422E-09, -0.00101756932642363, 0.081026609737176
24.4, 1.28273166838858E-09, -0.00097630428911389, 0.0795009808396295
24.5, 1.16561371332341E-09, -0.00093667823953818, 0.0779984949947516
24.6, 1.05917114170319E-09, -0.000898627788530297, 0.0765189757747257
24.7, 9.62433112631175E-10, -0.000862091912943365, 0.0750622414563347
24.8, 8.74516249355726E-10, -0.000827011871668502, 0.0736281053404137
24.9, 7.94618046795155E-10, -0.000793331124423952, 0.0722163760613856
25, 7.22007320121831E-10, -0.00076099525319987, 0.0708268578870527
25.1, 6.56021326106346E-10, -0.000729951886336379, 0.06945935100883
25.2, 5.9605670656537E-10, -0.000700150625094083, 0.0681136518226241
25.3, 5.41564748724992E-10, -0.000671542972693767, 0.0667895532005037
25.4, 4.92046779961664E-10, -0.000644082265739144, 0.0654868447533989
25.5, 4.47049453768953E-10, -0.000617723607935403, 0.0642053130849548
25.6, 4.06160687973145E-10, -0.000592423806057519, 0.0629447420367838
25.7, 3.69006516204103E-10, -0.000568141308090469, 0.0617049129252548
25.8, 3.35246008202803E-10, -0.000544836143467021, 0.0604856047700217
25.9, 3.04569687483509E-10, -0.000522469865357762, 0.0592865945144793
26, 2.76695907001671E-10, -0.000501005494937714, 0.0581076572383151
26.1, 2.51369600840693E-10, -0.000480407467570491, 0.0569485663623469
26.2, 2.28357805089293E-10, -0.000460641580843874, 0.0558090938458117
26.3, 2.07450100613248E-10, -0.00044167494442171, 0.0546890103763049
26.4, 1.88453793164105E-10, -0.00042347593162184, 0.0535880855525251
26.5, 1.71195111773688E-10, -0.00040601413269787, 0.052506088060003
26.6, 1.55514329213032E-10, -0.000389260309736737, 0.0514427858399997
26.7, 1.41267802657793E-10, -0.000373186353166327, 0.0503979462517273
26.8, 1.28325208047165E-10, -0.000357765239764359, 0.0493713362280669
26.9, 1.16566396351695E-10, -0.000342970992164914, 0.0483627224249516
27, 1.05883815360266E-10, -0.000328778639802335, 0.0473718713645781
27.1, 9.61794165900922E-11, -0.000315164181231392, 0.0463985495726098
27.2, 8.73626087489015E-11, -0.000302104547791289, 0.0454425237095168
27.3, 7.93532087238345E-11, -0.000289577568574702, 0.0445035606962354
27.4, 7.2077417179585E-11, -0.000277561936641102, 0.0435814278342758
27.5, 6.54671940558626E-11, -0.000266037176444059, 0.0426758929204534
27.6, 5.94626303443152E-11, -0.000254983612442705, 0.0417867243563694
27.7, 5.40075519986318E-11, -0.000244382338822782, 0.0409136912528064
27.8, 4.9052410494046E-11, -0.000234215190337643, 0.0400565635291829
27.9, 4.45510699482062E-11, -0.000224464714185985, 0.0392151120081857
28, 4.04625542248814E-11, -0.000215114142927813, 0.0383891085057621
28.1, 3.67480685875623E-11, -0.000206147368368685, 0.0375783259165586
28.2, 3.3374862421489E-11, -0.00019754891642458, 0.0367825382949828
28.3, 3.03111414814721E-11, -0.000189303922872256, 0.0360015209320007
28.4, 2.75280914311855E-11, -0.000181398110017671, 0.0352350504277892
28.5, 2.50004827237825E-11, -0.000173817764209974, 0.0344829047603978
28.6, 2.27046752225771E-11, -0.000166549714183407, 0.0337448633505195
28.7, 2.06189887336667E-11, -0.000159581310198999, 0.0330207071224962
28.8, 1.87249130137696E-11, -0.000152900403969169, 0.0323102185616935
28.9, 1.70050445140012E-11, -0.000146495329305528, 0.0316131817683324
29, 1.54428038758534E-11, -0.00014035488349991, 0.0309293825079275
29.1, 1.40240455588519E-11, -0.000134468309401842, 0.0302586082584038
29.2, 1.27354786897033E-11, -0.000128825278150017, 0.029600648254034
29.3, 1.15649854081926E-11, -0.000123415872563209, 0.0289552935262787
29.4, 1.05022410522995E-11, -0.000118230571146341, 0.0283223369416525
29.5, 9.5368763035286E-12, -0.000113260232691886, 0.0277015732366949
29.6, 8.66010817230208E-12, -0.00010849608147369, 0.0270927990501674
29.7, 7.86417804411813E-12, -0.00010392969298085, 0.026495812952553
29.8, 7.1410482341115E-12, -9.95529802085517E-05, 0.0259104154729734
29.9, 6.48453606555262E-12, -9.53581804491026E-05, 0.0253364091235841
30, 5.88874551457453E-12, -9.13378425943097E-05, 0.0247735984215709
30.1, 5.34704193857505E-12, -8.74848149107877E-05, 0.0242217899088202
30.2, 4.85557027990694E-12, -8.37922332967481E-05, 0.0236807921693284
30.3, 4.40873123040195E-12, -8.02535099576907E-05, 0.0231504158444686
30.4, 4.0030814656255E-12, -7.68623225402455E-05, 0.0226304736461689
30.5, 3.63491532731133E-12, -7.36126036649118E-05, 0.0221207803680828
30.6, 3.30025599235528E-12, -7.04985308618648E-05, 0.0216211528948435
30.7, 2.99633917949252E-12, -6.75145168982378E-05, 0.0211314102094545
30.8, 2.72056730991833E-12, -6.4655200469035E-05, 0.0206513733988998
30.9, 2.46999548617748E-12, -6.19154372462543E-05, 0.0201808656580427
31, 2.24239831347663E-12, -5.92902912774114E-05, 0.0197197122918765
31.1, 2.03580465526719E-12, -5.67750267101291E-05, 0.0192677407161976
31.2, 1.84845280457064E-12, -5.43650998385946E-05, 0.0188247804567566
31.3, 1.67799998722067E-12, -5.20561514541179E-05, 0.0183906631469594
31.4, 1.52352303652357E-12, -4.98439994964895E-05, 0.0179652225241654
31.5, 1.38329795734643E-12, -4.77246319825809E-05, 0.017548294424653
31.6, 1.25598666728477E-12, -4.56942002190419E-05, 0.0171397167773036
31.7, 1.14063322048978E-12, -4.37490122668097E-05, 0.0167393295960477
31.8, 1.03573387858258E-12, -4.18855266715702E-05, 0.0163469749711499
31.9, 9.40597589720842E-13, -4.01003464310594E-05, 0.0159624970593561
32, 8.54420815595083E-13, -3.83902131941808E-05, 0.0155857420729705
32.1, 7.75909700232023E-13, -3.67520016967276E-05, 0.015216558267902
32.2, 7.0436755174167E-13, -3.51827144061458E-05, 0.0148547959307285
32.3, 6.39535639857399E-13, -3.36794763795098E-05, 0.0145003073648237
32.4, 5.80779043885243E-13, -3.22395303217341E-05, 0.0141529468755868
32.5, 5.27319565179791E-13, -3.0860231832701E-05, 0.013812570754811
32.6, 4.78686141696611E-13, -2.95390448540554E-05, 0.0134790372642498
32.7, 4.34344141992309E-13, -2.82735372759209E-05, 0.0131522066183913
32.8, 3.94399264996032E-13, -2.70613767364044E-05, 0.0128319409665066
32.9, 3.57976104583066E-13, -2.59003265667426E-05, 0.0125181043739778
33, 3.24729123931125E-13, -2.47882419156854E-05, 0.0122105628029669
33.1, 2.94498245922506E-13, -2.37230660100487E-05, 0.0119091840924418
33.2, 2.67177322436243E-13, -2.27028265686041E-05, 0.0116138379375916
33.3, 2.42283521124337E-13, -2.17256323642412E-05, 0.0113243958686742
33.4, 2.19633914472837E-13, -2.07896699081197E-05, 0.0110407312293054
33.5, 1.99172350162957E-13, -1.98932002809503E-05, 0.0107627191542339
33.6, 1.80559018716087E-13, -1.90345560721066E-05, 0.0104902365466168
33.7, 1.63546654394582E-13, -1.82121384555931E-05, 0.0102231620548306
33.8, 1.48388371614059E-13, -1.74244143750287E-05, 0.00996137604884061
33.9, 1.34324052968989E-13, -1.66699138346501E-05, 0.00970476059613686
34, 1.21777677056823E-13, -1.5947227307236E-05, 0.00945319943728137
34.1, 1.0998801060955E-13, -1.52550032388926E-05, 0.00920657796107133
34.2, 9.97887330421716E-14, -1.45919456568168E-05, 0.00896478317933978
34.3, 9.01857171648022E-14, -1.39568118665167E-05, 0.00872770370142574
34.4, 8.17370776373227E-14, -1.33484102421962E-05, 0.00849522970830949
34.5, 7.40332640880151E-14, -1.27655981091856E-05, 0.00826725292645151
34.6, 6.72152223573427E-14, -1.22072797030795E-05, 0.00804366660133404
34.7, 6.09457247527985E-14, -1.16724042165056E-05, 0.00782436547073038
34.8, 5.50981327858233E-14, -1.11599639138998E-05, 0.00760924573771618
34.9, 4.97629404943746E-14, -1.06689923324669E-05, 0.00739820504342698
35, 4.45087382438643E-14, -1.01985625460491E-05, 0.00719114243958408
35.1, 4.02068919914552E-14, -9.74778550177404E-06, 0.00698795836078876
35.2, 3.61898801366928E-14, -9.31580841513897E-06, 0.00678855459661522
35.3, 3.23660445070778E-14, -8.90181323837577E-06, 0.00659283426348637
35.4, 2.90866841215015E-14, -8.50501518267391E-06, 0.00640070177635833
35.5, 2.60985269400936E-14, -8.12466129940324E-06, 0.00621206282022512
35.6, 2.34495119962067E-14, -7.7600291168348E-06, 0.0060268243214291
35.7, 2.11354739625459E-14, -7.41042532967834E-06, 0.00584489441881011
35.8, 1.91776528571932E-14, -7.0751845442524E-06, 0.00566618243468416
35.9, 1.75267070502381E-14, -6.75366806166383E-06, 0.00549059884565186
36, 1.57052948425203E-14, -6.44526271971462E-06, 0.00531805525326267
36.1, 1.43213331435898E-14, -6.14937977543327E-06, 0.0051484643545161
36.2, 1.26020684960074E-14, -5.86545382443628E-06, 0.00498173991220689
36.3, 1.16000803143701E-14, -5.59294177406927E-06, 0.00481779672513784
36.4, 1.05803276961267E-14, -5.33132183840467E-06, 0.00465655059816631
36.5, 9.67669963489059E-15, -5.0800925908979E-06, 0.00449791831211735
36.6, 8.76423527910766E-15, -4.83877203465321E-06, 0.00434181759354756
36.7, 7.93490467701544E-15, -4.60689671971741E-06, 0.00418816708435977
36.8, 7.11280455944877E-15, -4.3840208862282E-06, 0.00403688631127467
36.9, 6.04356673676596E-15, -4.16971564323716E-06, 0.0038878956551536
37, 5.21489615752882E-15, -3.96356817357916E-06, 0.00374111632016598
37.1, 4.48251819381702E-15, -3.76518097052527E-06, 0.0035964703028135
37.2, 4.03918616176036E-15, -3.57417109694638E-06, 0.00345388036078227
37.3, 3.45939012385637E-15, -3.39016947574076E-06, 0.00331326998165425
37.4, 2.87894328287723E-15, -3.21282020216917E-06, 0.00317456335143267
37.5, 2.95396838314499E-15, -3.04177988180612E-06, 0.00303768532291388
37.6, 2.9508291723827E-15, -2.87671698105042E-06, 0.00290256138387387
37.7, 2.47489495557233E-15, -2.7173112137456E-06, 0.00276911762507862
37.8, 2.42602084273214E-15, -2.56325294048415E-06, 0.00263728070809724
37.9, 2.49578873880489E-15, -2.41424258106087E-06, 0.00250697783293096
38, 2.64097271095876E-15, -2.26999005397368E-06, 0.00237813670542869
38.1, 2.66605928215619E-15, -2.13021422760421E-06, 0.00225068550449301
38.2, 2.73012238203323E-15, -1.99464238914469E-06, 0.00212455284906254
38.3, 2.49602922197225E-15, -1.86300972862071E-06, 0.00199966776486918
38.4, 2.52556506340367E-15, -1.73505883369231E-06, 0.00187595965094482
38.5, 2.34711276027803E-15, -1.61053920228752E-06, 0.00175335824588643
38.6, 2.03668326871225E-15, -1.48920676079186E-06, 0.0016317935938449
38.7, 1.91704466402894E-15, -1.37082340302175E-06, 0.00151119601025181
38.8, 1.74300190532026E-15, -1.25515652812151E-06, 0.00139149604724954
38.9, 1.43492706029819E-15, -1.14197859741701E-06, 0.00127262445882618
39, 1.11258396207126E-15, -1.03106669656288E-06, 0.0011545121656261
39.1, 1.04334442649633E-15, -9.22202101829486E-07, 0.00103709021944994
39.2, 8.46006704971991E-16, -8.15169857748848E-07, 0.000920289767394265
39.3, 6.40920220536331E-16, -7.09758362917634E-07, 0.000804042015640207
39.4, 5.76771874285764E-16, -6.05758956388598E-07, 0.000688278192869959
39.5, 4.55883618605764E-16, -5.02965509322503E-07, 0.000572929513287228
39.6, 5.32353801165332E-16, -4.01174025760369E-07, 0.00045792713923354
39.7, 5.18561697171663E-16, -3.00182238330813E-07, 0.000343202143378624
39.8, 5.34298461585194E-16, -1.99789212760035E-07, 0.000228685470462996
39.9, 2.97963183701562E-16, -9.97949518887933E-08, 0.000114307898585609


0, 0, 0, 0
0.05, 0.0951229424500714, 0.0336203523119923, 0.0182995247063127
0.1, 0.180967483607192, 0.06389897377022, 0.0347738638127427
0.15, 0.258212392927517, 0.0910219023158589, 0.0495188628807416
0.2, 0.327492301231193, 0.11516700134962, 0.062626691961835
0.25, 0.389400391535702, 0.13650427529237, 0.0741859630956249
0.3, 0.444490932409031, 0.155196173921635, 0.084281844469313
0.35, 0.493281662803099, 0.171397885861288, 0.0929961713260994
0.4, 0.536256036828511, 0.185257621589571, 0.100407553707663
0.45, 0.573865336459596, 0.196916886318803, 0.106591481113832
0.5, 0.606530659712633, 0.206510743088694, 0.111620424160486
0.55, 0.634644791418535, 0.21416806640414, 0.115563933314762
0.6, 0.658573963312832, 0.22001178673765, 0.118488734784638
0.65, 0.678659509789321, 0.224159126206164, 0.12045882363809
0.7, 0.695219425307973, 0.226721825721981, 0.121535554225146
0.75, 0.708549829111522, 0.227806363907769, 0.121777727974329
0.8, 0.718926342587555, 0.227514168056198, 0.121241678633223
0.85, 0.726605384312835, 0.225941817405591, 0.119981355021144
0.9, 0.731825387533078, 0.223181238994164, 0.118048401360203
0.95, 0.734807944563552, 0.219319896346816, 0.11549223524942
1, 0.735758882342885, 0.214440971240177, 0.112360123344896
1.05, 0.734869273133426, 0.208623538783538, 0.1086972548075
1.1, 0.732316384135775, 0.201942736045546, 0.104546812577977
1.15, 0.728264569571822, 0.194469924448966, 0.0999500425378982
1.2, 0.722866108589285, 0.186272846148561, 0.0949463206133675
1.25, 0.716261992150475, 0.17741577460002, 0.0895732178770248
1.3, 0.708582661888433, 0.167959659521068, 0.0838665637024366
1.35, 0.699948703743907, 0.157962266439237, 0.0778605070236325
1.4, 0.690471499036498, 0.147478311014365, 0.0715875757512026
1.45, 0.680253835472013, 0.136559588317681, 0.0650787343950727
1.5, 0.669390480445289, 0.125255097243332, 0.0583634399428083
1.55, 0.657968718862903, 0.113611160222349, 0.0514696960410584
1.6, 0.646068857582897, 0.10167153840346, 0.0444241055265422
1.65, 0.633764698448488, 0.0894775424596516, 0.0372519213518039
1.7, 0.621123981779298, 0.0770681391741393, 0.0299770959498092
1.75, 0.608208802076558, 0.064480053954267, 0.0226223290803335
1.8, 0.595075997597711, 0.051747869416911, 0.0152091141999975
1.85, 0.581777515360422, 0.0389041201841762, 0.00775778339673499
1.9, 0.568360753046013, 0.0259793840235316, 0.000287550928433848
1.95, 0.554868879187403, 0.0130023694620405, -0.0071834445955245
2, 0.54134113294645, -2.31041894515233E-16, -0.0146380993521004
2.05, 0.527813104709997, -0.0130025049549087, -0.022060304725044
2.1, 0.514316998662524, -0.0259815523159139, -0.0294349089721439
2.15, 0.500881878426037, -0.0389151005948042, -0.0367476801043843
2.2, 0.487533896794269, -0.051782588119642, -0.0439852699430227
2.25, 0.47429651052839, -0.0645648640869469, -0.0511351793214751
2.3, 0.461190681124897, -0.0772441223463206, -0.0581857243997571
2.35, 0.448235062413083, -0.0898038378189394, -0.0651260040600621
2.4, 0.43544617578918, -0.102228705454683, -0.0719458683528758
2.45, 0.422838573846916, -0.1145045816359, -0.0786358879638229
2.5, 0.410424993119494, -0.126618427938946, -0.0851873246722159
2.55, 0.398216496605881, -0.138558257167644, -0.0915921027730361
2.6, 0.386222606714536, -0.150313081575757, -0.0978427814348151
2.65, 0.374451429220277, -0.161872863198397, -0.103932527966604
2.7, 0.362909768794649, -0.173228466215017, -0.109855091967926
2.75, 0.351603236636892, -0.184371611269314, -0.115604780336283
2.8, 0.340536350701221, -0.195294831673899, -0.121176433107472
2.85, 0.32971262898658, -0.205991431430106, -0.126565400104605
2.9, 0.319134676327162, -0.216455444995688, -0.131767518372365
2.95, 0.308804265095752, -0.22668159873547, -0.136779090373661
3, 0.298722410207184, -0.236665273992292, -0.141596862926441
3.05, 0.28888943878596, -0.246402471717721, -0.146218006859006
3.1, 0.279305054840059, -0.255889778604121, -0.150640097362765
3.15, 0.269968399262354, -0.265124334661712, -0.15486109502191
3.2, 0.260878105461544, -0.274103802186187, -0.158879327500047
3.25, 0.252032350906194, -0.282826336064367, -0.162693471864354
3.3, 0.243428904848185, -0.291290555367222, -0.166302537528353
3.35, 0.235065172475662, -0.299495516181335, -0.169705849794899
3.4, 0.226938235730218, -0.307440685631611, -0.172903033981461
3.45, 0.219044891008669, -0.315125917049712, -0.175894000110288
3.5, 0.21138168395623, -0.32255142624426, -0.178678928146489
3.55, 0.203944941545101, -0.329717768830448, -0.181258253767532
3.6, 0.196730801620507, -0.336625818578153, -0.183632654648115
3.65, 0.189735240084915, -0.343276746739128, -0.185803037244791
3.69999999999999, 0.182954095880512, -0.349672002315232, -0.187770524065142
3.74999999999999, 0.176383093920069, -0.355813293231004, -0.189536441406755
3.79999999999999, 0.170017866106859, -0.361702568375215, -0.191102307551589
3.84999999999999, 0.163853970575505, -0.367342000477284, -0.192469821401781
3.89999999999999, 0.157886909277275, -0.372733969785651, -0.193640851543277
3.94999999999999, 0.152112144025557, -0.377881048516416, -0.194617425724068
3.99999999999999, 0.146525111109874, -0.382785986041643, -0.195401720734172
4.04999999999999, 0.141121234579898, -0.387451694787893, -0.195996052674855
4.09999999999999, 0.135895938294443, -0.391881236816542, -0.196402867604931
4.14999999999999, 0.130844656824293, -0.396077811058533, -0.196624732552314
4.19999999999999, 0.125962845292013, -0.400044741177161, -0.196664326879333
4.24999999999999, 0.121245988226494, -0.403785464033474, -0.196524433990636
4.29999999999999, 0.116689607504929, -0.407303518729782, -0.196207933372805
4.34999999999999, 0.112289269450176, -0.41060253620768, -0.195717792955143
4.39999999999999, 0.108040591147003, -0.413686229377836, -0.195057061781353
4.44999999999999, 0.10393924603652, -0.416558383759649, -0.194228862982138
4.49999999999999, 0.0999809688441814, -0.419222848609676, -0.193236387039031
4.54999999999999, 0.0961615598930598, -0.4216835285185, -0.192082885330022
4.59999999999999, 0.0924768888506296, -0.423944375456494, -0.190771663947845
4.64999999999999, 0.0889228979540552, -0.426009381249618, -0.189306077782003
4.69999999999999, 0.0854956047559413, -0.427882570467119, -0.187689524855918
4.74999999999999, 0.0821911044296466, -0.429567993703681, -0.185925440910786
4.79999999999999, 0.0790055716705928, -0.43106972123919, -0.18401729422799
4.84999999999999, 0.0759352622274905, -0.432391837059969, -0.181968580682144
4.89999999999999, 0.0729765140950591, -0.433538433225884, -0.179782819017077
4.94999999999999, 0.0701257483976165, -0.434513604568355, -0.177463546337277
4.99999999999999, 0.0673794699908552, -0.435321443704854, -0.175014313807537
5.04999999999999, 0.06473426780719, -0.435966036356024, -0.172438682553759
5.09999999999999, 0.06218681496826, -0.436451456952071, -0.169740219758061
5.14999999999999, 0.0597338686864746, -0.436781764515611, -0.166922494941557
5.19999999999999, 0.0573722699759125, -0.43696099880863, -0.163989076428343
5.24999999999999, 0.055098943191405, -0.436993176731689, -0.160943527984434
5.29999999999999, 0.0529108954132488, -0.436882288963976, -0.157789405625578
5.34999999999999, 0.0508052156937032, -0.436632296833231, -0.15453025458803
5.39999999999999, 0.0487790741802173, -0.436247129405015, -0.151169606456583
5.44999999999999, 0.0468297211292009, -0.435730680781194, -0.147710976444276
5.49999999999999, 0.0449544858231052, -0.435086807597898, -0.144157860818404
5.54999999999999, 0.0431507754025855, -0.434319326713615, -0.140513734467592
5.59999999999999, 0.0414160736246092, -0.433432013078436, -0.136782048604857
5.64999999999999, 0.0397479395565075, -0.432428597775824, -0.13296622860174
5.69999999999999, 0.0381440062151729, -0.431312766228621, -0.129069671948722
5.74999999999999, 0.0366019791598615, -0.430088156561347, -0.125095746337311
5.79999999999999, 0.0351196350463598, -0.42875835811115, -0.121047787859291
5.84999999999999, 0.0336948201496328, -0.427326910080077, -0.116929099318786
5.89999999999999, 0.0323254488614671, -0.425797300321642, -0.112742948652915
5.94999999999999, 0.0310095021690615, -0.42417296425493, -0.108492567456954
5.99999999999999, 0.0297450261199966, -0.422457283899779, -0.104181149610018
6.04999999999999, 0.0285301302785321, -0.420653587026813, -0.0998118499974348
6.09999999999999, 0.0273629861777271, -0.418765146416393, -0.095387783326075
6.14999999999999, 0.0262418257714641, -0.416795179220755, -0.0909120230290298
6.19999999999999, 0.0251649398900674, -0.414746846423881, -0.0863876002561344
6.24999999999999, 0.0241306767028467, -0.412623252393851, -0.0818175029469503
6.29999999999999, 0.0231374401905645, -0.410427444522648, -0.0772046749829197
6.34999999999999, 0.0221836886305165, -0.408162412948609, -0.0725520154155132
6.39999999999999, 0.0212679330966266, -0.405831090356906, -0.0678623777672907
6.44999999999999, 0.0203887359766975, -0.403436351853644, -0.0631385694028908
6.49999999999998, 0.0195447095087087, -0.400981014909353, -0.058383350967063
6.54999999999998, 0.0187345143378334, -0.398467839367825, -0.0535994358869479
6.59999999999998, 0.0179568580956324, -0.395899527516422, -0.0487894899358962
6.64999999999998, 0.017210494002696, -0.393278724214169, -0.0439561308562125
6.69999999999998, 0.0164942194958249, -0.390608017074066, -0.039101928038286
6.74999999999998, 0.0158068748806811, -0.387889936696264, -0.0342294022536599
6.79999999999998, 0.0151473420106895, -0.385126956948836, -0.0293410254396643
6.84999999999998, 0.0145145429928345, -0.382321495293087, -0.0244392205333237
6.89999999999998, 0.0139074389208696, -0.379475913150421, -0.0195263613523168
6.94999999999998, 0.0133250286363471, -0.376592516307956, -0.0146047725208447
6.99999999999998, 0.0127663475177634, -0.373673555360205, -0.00967672943833587
7.04999999999998, 0.0122304662980289, -0.37072122618423, -0.00474445828898287
7.09999999999998, 0.011716489910376, -0.367737670445848, 0.000189863909828547
7.14999999999998, 0.0112235563627465, -0.364724976134521, 0.00512410922206511
7.19999999999998, 0.0107508356406243, -0.361685178124727, 0.0100561986723772
7.24999999999998, 0.0102975286382171, -0.35862025876168, 0.0149841020919632
7.29999999999998, 0.00986286611783028, -0.355532148469367, 0.0199058379326491
7.34999999999998, 0.00944610769722684, -0.352422726378995, 0.024819473050816
7.39999999999998, 0.00904654086471782, -0.349293820976003, 0.0297231224627462
7.44999999999998, 0.0086634800216871, -0.346147210763894, 0.0346149490729033
7.49999999999998, 0.00829626555221764, -0.342984624943247, 0.0394931633766131
7.54999999999998, 0.00794426291945269, -0.339807744104306, 0.0443560231385561
7.59999999999998, 0.00760686178829741, -0.336618200931674, 0.0492018330484333
7.64999999999998, 0.00728347517404084, -0.333417580919687, 0.0540289443551195
7.69999999999998, 0.00697353861645679, -0.330207423097099, 0.0588357544805737
7.74999999999998, 0.00667650937892327, -0.326989220759839, 0.0636207066147202
7.79999999999998, 0.00639186567208478, -0.323764422210584, 0.0683822892924834
7.84999999999998, 0.00611910590156835, -0.320534431504041, 0.0731190359541067
7.89999999999998, 0.0058577479392537, -0.317300609196824, 0.0778295244898468
7.94999999999998, 0.00560732841758937, -0.314064273100911, 0.0825123767700941
7.99999999999998, 0.00536740204644029, -0.310826699039713, 0.0871662581619329
8.04999999999998, 0.00513754095194747, -0.307589121605829, 0.0917898770331114
8.09999999999998, 0.00491733403687773, -0.304352734919633, 0.0963819842443606
8.14999999999998, 0.00470638636193979, -0.301118693387871, 0.100941372630961
8.19999999999998, 0.00450431854754321, -0.297888112461498, 0.105466876474427
8.24999999999998, 0.00431076619547758, -0.294662069392046, 0.109957370965135
8.29999999999998, 0.00412537932999207, -0.291441603985825, 0.114411771656698
8.34999999999998, 0.00394782185775836, -0.28822771935534, 0.118829033912856
8.39999999999998, 0.0037777710462047, -0.28502138266731, 0.123208152347619
8.44999999999999, 0.00361491701971352, -0.281823525886739, 0.127548160259369
8.49999999999999, 0.00345896227318099, -0.278635046516509, 0.131848129059599
8.54999999999999, 0.00330962120244345, -0.275456808332023, 0.136107167696943
8.59999999999999, 0.0031666196510824, -0.272289642110414, 0.140324422077119
8.64999999999999, 0.00302969447312752, -0.269134346353925, 0.144499074479387
8.69999999999999, 0.00289859311118485, -0.265991688007053, 0.148630342970086
8.74999999999999, 0.00277307318952567, -0.262862403167088, 0.152717480813805
8.79999999999999, 0.00265290212168041, -0.259747197787726, 0.15675977588272
8.84999999999999, 0.00253785673209041, -0.256646748375427, 0.160756550064575
8.89999999999999, 0.00242772289137982, -0.253561702678248, 0.164707158669814
8.94999999999999, 0.00232229516481901, -0.250492680366874, 0.168610989838304
8.99999999999999, 0.00222137647356025, -0.247440273707624, 0.172467463946091
9.04999999999999, 0.00212477776823605, -0.244405048227202, 0.176276033012611
9.09999999999999, 0.0020323177145201, -0.241387543368998, 0.180036180108745
9.15, 0.0019438223902602, -0.238388273140769, 0.183747418766106
9.2, 0.00185912499380252, -0.235407726753532, 0.187409292387913
9.25, 0.00177806556313581, -0.232446369251532, 0.191021373661789
9.3, 0.00170049070549403, -0.229504642133161, 0.194583263974836
9.35, 0.00162625333706534, -0.226582963962716, 0.198094592831257
9.4, 0.00155521243246469, -0.223681730972911, 0.201555017272852
9.45, 0.00148723278363692, -0.220801317658048, 0.204964221302658
9.5, 0.00142218476786631, -0.217942077357804, 0.20832191531198
9.55, 0.00135994412457784, -0.215104342831555, 0.211627835511094
9.6, 0.00130039174062439, -0.212288426823223, 0.214881743363833
9.65, 0.00124341344376306, -0.209494622616596, 0.218083425026283
9.7, 0.00118889980403251, -0.206723204581112, 0.221232690789813
9.75, 0.00113674594275194, -0.203974428708103, 0.224329374528618
9.8, 0.00108685134887066, -0.201248533137489, 0.22737333315198
9.85, 0.00103911970240562, -0.198545738674946, 0.230364446061398
9.90000000000001, 0.000993458704712266, -0.195866249299557, 0.233302614612774
9.95000000000001, 0.000949779915342353, -0.193210252661977, 0.236187761583796
10, 0.000907998595249691, -0.190577920573155, 0.239019830646652
10.05, 0.000868033556112854, -0.187969409483637, 0.241798785846231
10.1, 0.000829807015551068, -0.185384860953519, 0.244524611083906
10.15, 0.000793244458016868, -0.182824402113091, 0.247197309607037
10.2, 0.000758274501156178, -0.180288146114242, 0.249816903504282
10.25, 0.000724828767433398, -0.17777619257268, 0.252383433206822
10.3, 0.000692841760825804, -0.175288628001057, 0.254896956995581
10.35, 0.000662250748398159, -0.172825526233056, 0.257357550514531
10.4, 0.000632995646574788, -0.170386948838537, 0.259765306290147
10.45, 0.000605018911932614, -0.167972945529808, 0.262120333257075
10.5, 0.000578265436344683, -0.165583554559131, 0.264422756290086
10.55, 0.000552682446309582, -0.163218803107536, 0.266672715742349
10.6, 0.00052821940630786, -0.160878707665047, 0.268870366990086
10.65, 0.00050482792603211, -0.15856327440242, 0.271015879983632
10.7, 0.000482461671342734, -0.156272499534481, 0.273109438804952
10.75, 0.00046107627880666, -0.15400636967518, 0.275151241231622
10.8, 0.000440629273681306, -0.151764862184464, 0.277141498307317
10.85, 0.000421079991211027, -0.149547945507064, 0.279080433918804
10.9, 0.000402389501108009, -0.147355579503319, 0.28096828437947
10.95, 0.000384520535094211, -0.14518771577214, 0.282805298019378
11, 0.000367437417385397, -0.143044297966223, 0.284591734781863
11.05, 0.000351105998002629, -0.140925262099629, 0.286327865826663
11.1, 0.000335493588800775, -0.138830536847845, 0.288013973139579
11.15, 0.000320568902107643, -0.136760043840431, 0.289650349148659
11.2, 0.000306301991871247, -0.134713697946377, 0.291237296346883
11.25, 0.000292664197216515, -0.132691407552285, 0.292775126921346
11.3, 0.000279628088316407, -0.130693074833485, 0.294264162388906
11.35, 0.000267167414485944, -0.12871859601821, 0.295704733238279
11.4, 0.000255257054411067, -0.126767861644939, 0.297097178578558
11.45, 0.000243872968427569, -0.124840756813026, 0.298441845794117
11.5, 0.0002329921527685, -0.122937161426735, 0.299739090205876
11.55, 0.000222592595701559, -0.121056950432791, 0.300989274738889
11.6, 0.000212653235480939, -0.119199994051571, 0.302192769596216
11.65, 0.000203153920040976, -0.117366158002034, 0.303349951939041
11.7, 0.000194075368361717, -0.11555530372053, 0.304461205572993
11.75, 0.0001853991334392, -0.113767288573575, 0.305526920640629
11.8, 0.000177107566795809, -0.112001966064725, 0.30654749332002
11.85, 0.000169183784468568, -0.110259186035657, 0.307523325529416
11.9, 0.000161611634415626, -0.108538794861561, 0.308454824637912
11.95, 0.000154375665283501, -0.106840635640965, 0.309342403182082
12, 0.000147461096479872, -0.105164548380101, 0.310186478588527
12.05, 0.00014085378949888, -0.103510370171913, 0.310987472902266
12.1, 0.000134540220447929, -0.101877935369831, 0.31174581252094
12.15, 0.000128507453727018, -0.100267075756402, 0.312461927934747
12.2, 0.000122743116813515, -0.0986776207068991, 0.313136253472065
12.25, 0.000117235376107157, -0.0971093973479986, 0.313769227050693
12.3, 0.000111972913791843, -0.0955622307116463, 0.314361289934666
12.35, 0.000106944905672493, -0.0940359438842025, 0.314912886496558
12.4, 0.000102140999946882, -0.0925303581509739, 0.315424463985232
12.45, 9.75512968740021E-05, -0.0910452931362316, 0.315896472298966
12.5, 9.31663293019631E-05, -0.089580566938814, 0.316329363763887
12.55, 8.89770440199693E-05, -0.0881359962634135, 0.316723592917659
12.6, 8.4974783900304E-05, -0.0867113965476432, 0.317079616298344
12.65, 8.11512707976164E-05, -0.0853065820849793, 0.317397892238389
12.7, 7.74985891741218E-05, -0.0839213661436725, 0.317678880663663
12.75, 7.40091704205821E-05, -0.0825555610817232, 0.317923042897475
12.8, 7.06757778441493E-05, -0.0812089784580088, 0.31813084146951
12.85, 6.7491492295318E-05, -0.0798814291396565, 0.318302739929625
12.9, 6.44496984073563E-05, -0.0785727234057475, 0.318439202666419
12.95, 6.15440714226589E-05, -0.0772826710474416, 0.318540694730521
13, 5.87685645815047E-05, -0.0760110814646079, 0.318607681662538
13.0500000000001, 5.61173970496962E-05, -0.0747577637590451, 0.31864062932557
13.1000000000001, 5.35850423625129E-05, -0.073522526824376, 0.318640003742254
13.1500000000001, 5.11662173633331E-05, -0.0723051794326973, 0.318606270936242
13.2000000000001, 4.885587161616E-05, -0.0711055303180648, 0.318539896778067
13.2500000000001, 4.66491772721362E-05, -0.0699233882568937, 0.31844134683532
13.3000000000001, 4.45415193709493E-05, -0.0687585621453515, 0.318311086227067
13.3500000000001, 4.25284865588095E-05, -0.0676108610738194, 0.318149579482452
13.4000000000001, 4.0605862205437E-05, -0.0664800943984975, 0.317957290403404
13.4500000000001, 3.87696159032161E-05, -0.0653660718102275, 0.317734681931391
13.5000000000001, 3.70158953323683E-05, -0.064268603400605, 0.31748221601815
13.5500000000001, 3.53410184766629E-05, -0.0631874997254517, 0.317200353500334
13.6000000000001, 3.37414661748208E-05, -0.0621225718657185, 0.316889553978
13.6500000000001, 3.22138749933854E-05, -0.061073631485886, 0.316550275696876
13.7000000000001, 3.07550304074193E-05, -0.060040490889931, 0.316182975434351
13.7500000000001, 2.93618602759549E-05, -0.0590229630749231, 0.315788108389109
13.8000000000001, 2.80314285996672E-05, -0.0580208617823174, 0.31536612807435
13.8500000000001, 2.67609295487609E-05, -0.0570340015470042, 0.314917486214535
13.9000000000001, 2.55476817495617E-05, -0.0560621977441804, 0.314442632645595
13.9500000000001, 2.4389122818783E-05, -0.0551052666340999, 0.313942015218523
14.0000000000001, 2.32828041348985E-05, -0.0541630254047654, 0.313416079706312
14.0500000000001, 2.22263858364952E-05, -0.0532352922126171, 0.312865269714161
14.1000000000001, 2.12176320379018E-05, -0.0523218862212772, 0.312290026592887
14.1500000000001, 2.02544062527971E-05, -0.0514226276384046, 0.311690789355494
14.2000000000001, 1.93346670168916E-05, -0.050537337750715, 0.311067994596821
14.2500000000001, 1.84564637011491E-05, -0.0496658389572191, 0.310422076416227
14.3000000000001, 1.76179325073756E-05, -0.048807954800732, 0.309753466343242
14.3500000000001, 1.68172926383444E-05, -0.0479635099977044, 0.309062593266134
14.4000000000001, 1.60528426349594E-05, -0.0471323304664246, 0.308349883363317
14.4500000000001, 1.53229568732712E-05, -0.0463142433536425, 0.307615760037568
14.5000000000001, 1.46260822144678E-05, -0.0455090770596607, 0.306860643852974
14.5500000000001, 1.39607348012496E-05, -0.0447166612619408, 0.306084952474568
14.6000000000001, 1.33254969942788E-05, -0.043936826937271, 0.305289100610581
14.6500000000001, 1.27190144426601E-05, -0.043169406382538, 0.304473499957275
14.7000000000001, 1.21399932826666E-05, -0.0424142332341481, 0.303638559146293
14.7500000000001, 1.15871974591683E-05, -0.0416711424861394, 0.302784683694464
14.8000000000001, 1.10594461644596E-05, -0.0409399705070266, 0.301912275956028
14.8500000000001, 1.05556113894044E-05, -0.0402205550554202, 0.301021735077214
14.9000000000001, 1.00746155820354E-05, -0.0395127352944571, 0.30011345695312
14.9500000000001, 9.61542940895124E-06, -0.0388163518050845, 0.29918783418686
15.0000000000001, 9.1770696150541E-06, -0.0381312465982317, 0.298245256050901
15.0500000000001, 8.75859697735934E-06, -0.0374572631259098, 0.297286108450566
15.1000000000001, 8.35911434879261E-06, -0.036794246291272, 0.296310773889634
15.1500000000001, 7.97776478806394E-06, -0.0361420424576721, 0.295319631438005
15.2000000000001, 7.61372977187539E-06, -0.0355004994567543, 0.294313056701363
15.2500000000001, 7.26622748587999E-06, -0.0348694665956074, 0.293291421792816
15.3000000000001, 6.93451119096254E-06, -0.0342487946630166, 0.292255095306435
15.3500000000001, 6.61786766156055E-06, -0.0336383359348441, 0.291204442292673
15.4000000000001, 6.31561569288424E-06, -0.0330379441785696, 0.290139824235609
15.4500000000001, 6.02710467402979E-06, -0.0324474746570203, 0.289061599031962
15.5000000000001, 5.75171322410907E-06, -0.031866784131321, 0.287970120971851
15.5500000000001, 5.48884788864326E-06, -0.0312957308630913, 0.286865740721245
15.6000000000001, 5.23794189358604E-06, -0.0307341746159182, 0.285748805306057
15.6500000000001, 4.99845395445596E-06, -0.0301819766561323, 0.284619658097857
15.7000000000001, 4.76986713816615E-06, -0.0296389997529121, 0.283478638801141
15.7500000000001, 4.55168777524374E-06, -0.0291051081777439, 0.282326083442137
15.8000000000001, 4.34344442023125E-06, -0.0285801677032605, 0.281162324359087
15.8500000000001, 4.14468685815743E-06, -0.0280640456014846, 0.279987690193984
15.9000000000001, 3.95498515505679E-06, -0.0275566106415, 0.278802505885713
15.9500000000001, 3.77392875060433E-06, -0.0270577330865727, 0.277607092664567
16.0000000000001, 3.60112559101598E-06, -0.026567284690746, 0.276401768048089
16.0500000000001, 3.43620130044535E-06, -0.0260851386949295, 0.275186845838218
16.1000000000001, 3.27879838918435E-06, -0.0256111698225055, 0.273962636119689
16.1500000000001, 3.12857549704862E-06, -0.0251452542744699, 0.27272944525966
16.2000000000001, 2.98520667039916E-06, -0.0246872697241319, 0.27148757590853
16.2500000000001, 2.84838067131893E-06, -0.0242370953113879, 0.27023732700191
16.3000000000001, 2.71780031752762E-06, -0.023794611636591, 0.268978993763716
16.3500000000001, 2.59318185167956E-06, -0.023359700754034, 0.267712867710353
16.4000000000001, 2.47425433874869E-06, -0.0229322461650622, 0.266439236655947
16.4500000000001, 2.36075909026117E-06, -0.0225121328108356, 0.265158384718615
16.5000000000001, 2.2524491141903E-06, -0.0220992470647553, 0.263870592327713
16.5500000000001, 2.14908858937992E-06, -0.0216934767245718, 0.262576136232056
16.6000000000001, 2.05045236341249E-06, -0.0212947110041896, 0.261275289509062
16.6500000000001, 1.95632547288491E-06, -0.0209028405251846, 0.259968321574807
16.7000000000001, 1.86650268510092E-06, -0.0205177573080489, 0.258655498194944
16.7500000000001, 1.78078806023201E-06, -0.0201393547631767, 0.257337081496472
16.8000000000001, 1.69899453304057E-06, -0.0197675276816064, 0.256013329980318
16.8500000000001, 1.62094351329849E-06, -0.0194021722255309, 0.254684498534712
16.9000000000001, 1.54646450407253E-06, -0.0190431859185914, 0.253350838449322
16.9500000000001, 1.47539473708425E-06, -0.0186904676359648, 0.25201259743012
17.0000000000001, 1.40757882438682E-06, -0.0183439175942594, 0.250670019614968
17.0500000000001, 1.34286842563457E-06, -0.018003437341229, 0.249323345589879
17.1000000000001, 1.28112193025285E-06, -0.0176689297453184, 0.247972812405942
17.1500000000001, 1.22220415384612E-06, -0.0173402989850499, 0.246618653596885
17.2000000000001, 1.16598604821162E-06, -0.0170174505382631, 0.245261099197242
17.2500000000001, 1.11234442435346E-06, -0.0167002911712176, 0.243900375761115
17.3000000000001, 1.06116168791888E-06, -0.016388728927569, 0.242536706381501
17.3500000000001, 1.01232558650389E-06, -0.0160826731172273, 0.241170310710156
17.4000000000001, 9.6572896829968E-07, -0.0157820343051087, 0.239801404977986
17.4500000000001, 9.2126955157483E-07, -0.0154867242997877, 0.238430202015938
17.5000000000001, 8.78849704510299E-07, -0.0151966561420608, 0.237056911276366
17.5500000000001, 8.38376234925794E-07, -0.0149117440934279, 0.235681738854857
17.6000000000001, 7.99760189456311E-07, -0.0146319036245015, 0.234304887512494
17.6500000000001, 7.62916661757254E-07, -0.0143570514033505, 0.232926556698543
17.7000000000001, 7.27764609335118E-07, -0.0140871052837866, 0.231546942573533
17.7500000000001, 6.94226678618616E-07, -0.0138219842936009, 0.230166238032717
17.8000000000001, 6.62229037902119E-07, -0.0135616086227575, 0.228784632729903
17.8500000000001, 6.3170121780964E-07, -0.0133058996115508, 0.227402313101617
17.9000000000001, 6.02575958943137E-07, -0.0130547797387333, 0.226019462391605
17.9500000000001, 5.74789066393847E-07, -0.0128081726096211, 0.224636260675639
18.0000000000001, 5.48279270809592E-07, -0.012566002944181, 0.223252884886617
18.0500000000001, 5.22988095724651E-07, -0.0123281965651075, 0.221869508839936
18.1000000000001, 4.98859730871778E-07, -0.0120946803858941, 0.220486303259138
18.1500000000001, 4.75840911208449E-07, -0.0118653823989041, 0.219103435801785
18.2000000000001, 4.53880801401283E-07, -0.0116402316634473, 0.21772107108558
18.2500000000001, 4.32930885523999E-07, -0.0114191582938662, 0.216339370714689
18.3000000000001, 4.12944861735127E-07, -0.0112020934476376, 0.214958493306279
18.3500000000001, 3.93878541712107E-07, -0.0109889693134936, 0.213578594517231
18.4000000000001, 3.75689754628348E-07, -0.010779719099567, 0.212199827071031
18.4500000000001, 3.58338255469323E-07, -0.0105742770215644, 0.210822340784823
18.5000000000001, 3.41785637492871E-07, -0.0103725782909722, 0.209446282596604
18.5500000000001, 3.25995248647534E-07, -0.0101745591032986, 0.20807179659256
18.6000000000001, 3.10932111771098E-07, -0.00998015662635552, 0.206699024034516
18.6500000000001, 2.96562848399401E-07, -0.00978930898858402, 0.205328103387502
18.7000000000001, 2.82855606023081E-07, -0.00960195526742686, 0.203959170347416
18.7500000000001, 2.69779988637168E-07, -0.009418035477751, 0.202592357868769
18.8000000000001, 2.57306990435364E-07, -0.00923749056032333, 0.201227796192515
18.8500000000001, 2.45408932507459E-07, -0.00906026237034275, 0.199865612873933
18.9000000000001, 2.34059402404671E-07, -0.0088862936660311, 0.19850593281058
18.9500000000001, 2.23233196443742E-07, -0.00871552809728579, 0.197148878270268
19.0000000000001, 2.12906264626389E-07, -0.00854791019439667, 0.195794568919095
19.0500000000001, 2.03055658056244E-07, -0.00838338535682945, 0.194443121849485
19.1000000000001, 1.93659478740687E-07, -0.00822189984207802, 0.193094651608253
19.1500000000001, 1.84696831670019E-07, -0.00806340075458779, 0.191749270224673
19.2000000000001, 1.76147779071242E-07, -0.00790783603475216, 0.190407087238537
19.2500000000001, 1.6799329673831E-07, -0.00775515444798398, 0.189068209728218
19.3000000000001, 1.6021523234513E-07, -0.0076053055738638, 0.187732742338693
19.3500000000001, 1.52796265651771E-07, -0.00745823979536674, 0.186400787309558
19.4000000000001, 1.45719870518386E-07, -0.00731390828816947, 0.185072444502991
19.4500000000001, 1.38970278645161E-07, -0.00717226301003888, 0.183747811431684
19.5000000000001, 1.3253244496029E-07, -0.0070332566903038, 0.182426983286718
19.5500000000001, 1.26392014581473E-07, -0.00689684281941115, 0.181110052965379
19.6000000000001, 1.20535291279779E-07, -0.00676297563856774, 0.179797111098916
19.6500000000001, 1.14949207377917E-07, -0.0066316101294688, 0.178488246080224
19.7000000000001, 1.0962129501801E-07, -0.00650270200411436, 0.177183544091442
19.7500000000001, 1.04539658736896E-07, -0.00637620769471449, 0.175883089131486
19.8000000000001, 9.9692949289742E-08, -0.00625208434368421, 0.17458696304347
19.8500000000001, 9.50703386654673E-08, -0.00613028979372894, 0.173295245542045
19.9000000000001, 9.06614962399609E-08, -0.00601078257802128, 0.172008014240635
19.9500000000001, 8.64565660155576E-08, -0.00589352191046972, 0.170725344678562
20.0000000000001, 8.24461448975306E-08, -0.00577846767607994, 0.169447310348059
20.0500000000001, 7.86212619605884E-08, -0.00566558042140929, 0.168173982721171
20.1000000000002, 7.49733586604806E-08, -0.00555482134511481, 0.166905431276531
20.1500000000002, 7.14942699478415E-08, -0.00544615228859532, 0.165641723526004
20.2000000000002, 6.81762062433348E-08, -0.00533953572672793, 0.164382925041213
20.2500000000002, 6.50117362350078E-08, -0.00523493475869924, 0.163129099479911
20.3000000000002, 6.19937704605313E-08, -0.00513231309893146, 0.161880308612234
20.3500000000002, 5.91155456386818E-08, -0.00503163506810375, 0.160636612346791
20.4000000000002, 5.63706097160369E-08, -0.00493286558426884, 0.159398068756621
20.4500000000002, 5.37528075963885E-08, -0.00483597015406504, 0.158164734104989
20.5000000000002, 5.12562675218488E-08, -0.00474091486402374, 0.156936662871035
20.5500000000002, 4.88753880760259E-08, -0.0046476663719724, 0.155713907775258
20.6000000000002, 4.66048257809843E-08, -0.00455619189853289, 0.154496519804842
20.6500000000002, 4.44394832609867E-08, -0.00446645921871532, 0.153284548238818
20.7000000000002, 4.23744979472334E-08, -0.00437843665360698, 0.152078040673057
20.7500000000002, 4.04052312989835E-08, -0.00429209306215654, 0.150877043045095
20.8000000000002, 3.8527258517556E-08, -0.00420739783305298, 0.149681599658782
20.8500000000002, 3.6736358730772E-08, -0.00412432087669935, 0.148491753208759
20.9000000000002, 3.50285056264188E-08, -0.00404283261728085, 0.147307544804752
20.9500000000002, 3.33998585142822E-08, -0.00396290398492717, 0.146129013995694
21.0000000000002, 3.18467537972251E-08, -0.00388450640796847, 0.144956198793658
21.0500000000002, 3.03656968326711E-08, -0.00380761180528502, 0.143789135697606
21.1000000000002, 2.89533541667018E-08, -0.00373219257874983, 0.142627859716956
21.1500000000002, 2.76065461237774E-08, -0.00365822160576397, 0.141472404394959
21.2000000000002, 2.63222397358672E-08, -0.00358567223188417, 0.140322801831881
21.2500000000002, 2.50975419955082E-08, -0.00351451826354225, 0.139179082708007
21.3000000000002, 2.39296934180139E-08, -0.0034447339608559, 0.138041276306433
21.3500000000002, 2.28160618987271E-08, -0.00337629403053018, 0.136909410535685
21.4000000000002, 2.17541368518499E-08, -0.00330917361884954, 0.135783511952123
21.4500000000002, 2.0741523617997E-08, -0.00324334830475941, 0.134663605782164
21.5000000000002, 1.97759381282017E-08, -0.0031787940930372, 0.133549715944294
21.5500000000002, 1.88552018126619E-08, -0.00311548740755187, 0.132441865070896
21.6000000000002, 1.79772367430454E-08, -0.00305340508461152, 0.13134007452986
21.6500000000002, 1.71400609976844E-08, -0.00299252436639856, 0.130244364446012
21.7000000000002, 1.63417842394706E-08, -0.00293282289449165, 0.129154753722326
21.7500000000002, 1.55806034967292E-08, -0.00287427870347379, 0.128071260060941
21.8000000000002, 1.48547991377919E-08, -0.00281687021462613, 0.126993899983979
21.8500000000002, 1.41627310304084E-08, -0.0027605762297065, 0.12592268885415
21.9000000000002, 1.35028348775451E-08, -0.00270537592481229, 0.124857640895165
21.9500000000002, 1.28736187214984E-08, -0.00265124884432686, 0.123798769211935
22.0000000000002, 1.22736596086212E-08, -0.00259817489494873, 0.122746085810575
22.0500000000002, 1.17016004073128E-08, -0.00254613433980302, 0.121699601618196
22.1000000000002, 1.11561467722539E-08, -0.00249510779263431, 0.120659326502499
22.1500000000002, 1.06360642481917E-08, -0.00244507621208018, 0.119625269291158
22.2000000000002, 1.01401755068837E-08, -0.00239602089602483, 0.118597437791009
22.2500000000002, 9.66735771109995E-09, -0.00234792347603191, 0.117575838807019
22.3000000000002, 9.21653999986421E-09, -0.00230076591185596, 0.116560478161069
22.3500000000002, 8.78670108937559E-09, -0.00225453048603155, 0.115551360710516
22.4000000000002, 8.3768669843108E-09, -0.00220919979853956, 0.114548490366564
22.4500000000002, 7.98610879444562E-09, -0.0021647567615497, 0.113551870112422
22.5000000000002, 7.61354065176674E-09, -0.00212118459423861, 0.112561502021269
22.5500000000002, 7.25831772346529E-09, -0.00207846681768273, 0.111577387274003
22.6000000000002, 6.91963431641401E-09, -0.00203658724982515, 0.110599526176801
22.6500000000002, 6.5967220689308E-09, -0.00199553000051579, 0.109627918178467
22.7000000000002, 6.28884822582334E-09, -0.00195527946662406, 0.108662561887584
22.7500000000002, 5.99531399289236E-09, -0.00191582032722317, 0.107703455089465
22.8000000000002, 5.71545296724614E-09, -0.0018771375388455, 0.106750594762901
22.8500000000002, 5.4486296399453E-09, -0.0018392163308081, 0.105803977096709
22.9000000000002, 5.19423796765645E-09, -0.00180204220060763, 0.104863597506092
22.9500000000002, 4.95170001014489E-09, -0.00176560090938391, 0.103929450648781
23.0000000000002, 4.720464630582E-09, -0.00172987847745142, 0.103001530440999
23.0500000000002, 4.50000625578085E-09, -0.00169486117989789, 0.102079830073218
23.1000000000002, 4.28982369360617E-09, -0.00166053554224916, 0.101164342025724
23.1500000000002, 4.08943900493064E-09, -0.00162688833619975, 0.100255058083984
23.2000000000002, 3.8983964276298E-09, -0.00159390657540813, 0.0993519693538275
23.2500000000002, 3.71626135022288E-09, -0.00156157751135614, 0.0984550662764214
23.3000000000002, 3.54261933287636E-09, -0.0015298886292716, 0.0975643386430669
23.3500000000002, 3.37707517359167E-09, -0.00149882764411356, 0.0966797756097983
23.4000000000002, 3.21925201749838E-09, -0.00146838249661929, 0.0958013657117928
23.4500000000002, 3.06879050726947E-09, -0.00143854134941222, 0.0949290968775926
23.5000000000002, 2.9253479727661E-09, -0.00140929258317033, 0.0940629564431392
23.5500000000002, 2.78859765810628E-09, -0.00138062479285391, 0.0932029311656211
23.6000000000002, 2.65822798443455E-09, -0.0013525267839922, 0.0923490072371356
23.6500000000002, 2.53394184674873E-09, -0.00132498756902808, 0.0915011702981678
23.7000000000002, 2.41545594321544E-09, -0.00129799636372006, 0.0906594054508846
23.7500000000002, 2.30250013547792E-09, -0.00127154258360083, 0.0898236972722486
23.8000000000002, 2.19481683852829E-09, -0.00124561584049178, 0.0889940298269509
23.8500000000002, 2.09216043878219E-09, -0.00122020593907252, 0.0881703866801638
23.9000000000002, 1.9942967390561E-09, -0.00119530287350496, 0.0873527509101164
23.9500000000002, 1.90100242920731E-09, -0.001170896824111, 0.0865411051204932
24.0000000000002, 1.81206458125361E-09, -0.00114697815410327, 0.0857354314526563
24.0500000000002, 1.72728016784396E-09, -0.00112353740636824, 0.0849357115976947
24.1000000000002, 1.64645560300349E-09, -0.00110056530030075, 0.0841419268082993
24.1500000000002, 1.56940630412532E-09, -0.0010780527286897, 0.0833540579104678
24.2000000000002, 1.49595627422933E-09, -0.00105599075465375, 0.0825720853150384
24.2500000000002, 1.42593770355268E-09, -0.00103437060862672, 0.081795989029054
24.3000000000002, 1.35919058958021E-09, -0.00101318368539176, 0.0810257486669607
24.3500000000002, 1.29556237466361E-09, -0.000992421541163783, 0.080261343461639
24.4000000000002, 1.23490760041756E-09, -0.000972075890719409, 0.0795027522752695
24.4500000000002, 1.17708757811834E-09, -0.00095213860457378, 0.0787499536100375
24.5000000000002, 1.12197007436609E-09, -0.000932601706203615, 0.0780029256186733
24.5500000000002, 1.06942901130576E-09, -0.000913457369315832, 0.0772616461148328
24.6000000000002, 1.01934418073447E-09, -0.000894697915161103, 0.0765260925833202
24.6500000000002, 9.71600971453743E-10, -0.000876315809891719, 0.0757962421901507
24.7000000000002, 9.26090109254802E-10, -0.000858303661963113, 0.0750720717924585
24.7500000000002, 8.82707408953063E-10, -0.000840654219578437, 0.0743535579482497
24.8000000000002, 8.41353537915121E-10, -0.000823360368175566, 0.0736406769260018
24.8500000000002, 8.0193379054698E-10, -0.000806415127955924, 0.0729334047141099
24.9000000000002, 7.64357873236822E-10, -0.000789811651454514, 0.0722317170301851
24.9500000000002, 7.28539699268984E-10, -0.000773543221150574, 0.0715355893302013
25.0000000000002, 6.94397193248054E-10, -0.000757603247118246, 0.0708449968174949
25.0500000000002, 6.61852104593274E-10, -0.000741985264716683, 0.0701599144516198
25.1000000000002, 6.30829829683706E-10, -0.000726682932319009, 0.0694803169570557
25.1500000000002, 6.01259242253986E-10, -0.000711690029079563, 0.0688061788317739
25.2000000000002, 5.73072531658921E-10, -0.000697000452738854, 0.068137474355662
25.2500000000002, 5.4620504864281E-10, -0.000682608217465664, 0.0674741775988071
25.3000000000002, 5.20595158266181E-10, -0.000668507451735755, 0.0668162624296401
25.3500000000002, 4.96184099658629E-10, -0.000654692396246608, 0.0661637025229437
25.4000000000002, 4.72915852281773E-10, -0.000641157401867686, 0.0655164713677232
25.4500000000002, 4.50737008400899E-10, -0.000627896927625642, 0.0648745422749426
25.5000000000002, 4.29596651477807E-10, -0.000614905538723985, 0.0642378883851291
25.5500000000002, 4.09446240210614E-10, -0.000602177904596638, 0.0636064826758439
25.6000000000002, 3.90239497958975E-10, -0.000589708796994905, 0.0629802979690239
25.6500000000002, 3.71932307305223E-10, -0.000577493088107314, 0.0623593069381947
25.7000000000002, 3.54482609513491E-10, -0.000565525748711835, 0.0617434821155554
25.7500000000002, 3.37850308659845E-10, -0.00055380184635998, 0.0611327958989379
25.8000000000002, 3.21997180216948E-10, -0.000542316543592278, 0.0605272205586418
25.8500000000002, 3.06886783886815E-10, -0.000531065096184658, 0.0599267282441462
25.9000000000002, 2.92484380484698E-10, -0.000520042851425229, 0.0593312909906987
25.9500000000002, 2.78756852686308E-10, -0.000509245246421016, 0.0587408807257861
26.0000000000002, 2.65672629459233E-10, -0.000498667806434152, 0.0581554692754843
26.0500000000002, 2.53201614007686E-10, -0.000488306143247087, 0.0575750283706915
26.1000000000002, 2.4131511506765E-10, -0.000478155953556331, 0.0569995296532456
26.1500000000002, 2.29985781396996E-10, -0.000468213017394311, 0.0564289446819267
26.2000000000002, 2.1918753931236E-10, -0.000458473196578861, 0.0558632449383451
26.2500000000002, 2.08895533131407E-10, -0.000448932433189938, 0.0553024018327195
26.3000000000002, 1.99086068385666E-10, -0.000439586748073101, 0.0547463867095427
26.3500000000002, 1.89736557675345E-10, -0.000430432239369351, 0.0541951708531388
26.4000000000002, 1.80825469043514E-10, -0.000421465081070884, 0.0536487254931129
26.4500000000002, 1.72332276752677E-10, -0.00041268152160236, 0.0531070218096934
26.5000000000002, 1.64237414352219E-10, -0.000404077882427264, 0.0525700309389696
26.5500000000002, 1.56522229930342E-10, -0.000395650556678964, 0.0520377239780256
26.6000000000002, 1.49168943449051E-10, -0.000387396007816047, 0.0515100719899713
26.6500000000002, 1.4216060606544E-10, -0.000379310768301564, 0.0509870460088715
26.7000000000002, 1.35481061347011E-10, -0.000371391438305769, 0.0504686170445772
26.7500000000002, 1.29114908293046E-10, -0.00036363468443199, 0.0499547560874558
26.8000000000002, 1.23047466078113E-10, -0.00035603723846523, 0.0494454341130249
26.8500000000002, 1.1726474043768E-10, -0.000348595896143151, 0.0489406220864912
26.9000000000002, 1.11753391619532E-10, -0.000341307515949048, 0.0484402909671925
26.9500000000002, 1.06500703828213E-10, -0.000334169017926466, 0.0479444117129475
27.0000000000002, 1.01494556093086E-10, -0.000327177382515097, 0.0474529552843131
27.0500000000002, 9.67233944938306E-11, -0.000320329649407603, 0.0469658926487508
27.1000000000003, 9.21762056802701E-11, -0.00031362291642702, 0.0464831947847024
27.1500000000003, 8.78424916263342E-11, -0.000307054338424395, 0.0460048326855787
27.2000000000003, 8.37122455607663E-11, -0.000300621126196327, 0.0455307773636589
27.2500000000003, 7.97759290198427E-11, -0.000294320545422072, 0.0450609998539058
27.3000000000003, 7.60244499699135E-11, -0.000288149915619884, 0.0445954712176947
27.3500000000003, 7.24491419499939E-11, -0.000282106609122279, 0.0441341625464589
27.4000000000003, 6.90417441869459E-11, -0.000276188050069881, 0.0436770449652527
27.4500000000003, 6.5794382637995E-11, -0.000270391713423567, 0.0432240896362333
27.5000000000003, 6.26995519174241E-11, -0.000264715123994576, 0.0427752677620617
27.5500000000003, 5.97500980662946E-11, -0.000259155855492289, 0.042330550589225
27.6000000000003, 5.69392021259516E-11, -0.000253711529589378, 0.0418899094112806
27.6500000000003, 5.42603644778962E-11, -0.000248379815004032, 0.0414533155720238
27.7000000000003, 5.17073899143427E-11, -0.000243158426598965, 0.0410207404685792
27.7500000000003, 4.92743734054388E-11, -0.000238045124496913, 0.0405921555544179
27.8000000000003, 4.69556865307052E-11, -0.000233037713212358, 0.0401675323423009
27.8500000000003, 4.47459645437602E-11, -0.000228134040799177, 0.0397468424071503
27.9000000000003, 4.26400940408316E-11, -0.00022333199801396, 0.0393300573888493
27.9500000000003, 4.06332012049286E-11, -0.000218629517494716, 0.0389171489949716
28.0000000000003, 3.87206405988553E-11, -0.000214024572954713, 0.0385080890034413
28.0500000000003, 3.6897984481493E-11, -0.000209515178391178, 0.0381028492651256
28.1000000000003, 3.51610126229671E-11, -0.000205099387308609, 0.0377014017063598
28.1500000000003, 3.35057025954497E-11, -0.000200775291956445, 0.0373037183314059
28.2000000000003, 3.19282205174281E-11, -0.000196541022580839, 0.0369097712248466
28.2500000000003, 3.04249122303025E-11, -0.000192394746690291, 0.0365195325539155
28.3000000000003, 2.89922948871584E-11, -0.00018833466833491, 0.0361329745707632
28.3500000000003, 2.76270489344957E-11, -0.000184359027399046, 0.0357500696146624
28.4000000000003, 2.63260104685933E-11, -0.000180466098907079, 0.0353707901141515
28.4500000000003, 2.50861639490374E-11, -0.000176654192342123, 0.0349951085891178
28.5000000000003, 2.39046352527572E-11, -0.000172921650977419, 0.0346229976528222
28.5500000000003, 2.27786850526856E-11, -0.000169266851220201, 0.0342544300138646
28.6000000000003, 2.17057025059021E-11, -0.000165688201967806, 0.0338893784780936
28.6500000000003, 2.06831992368196E-11, -0.00016218414397582, 0.033527815950458
28.7000000000003, 1.97088036016499E-11, -0.000158753149238047, 0.0331697154368047
28.7500000000003, 1.87802552210229E-11, -0.000155393720378082, 0.0328150500456204
28.8000000000003, 1.78953997682455E-11, -0.000152104390052296, 0.0324637929897212
28.8500000000003, 1.70521840012701E-11, -0.000148883720364024, 0.0321159175878881
28.9000000000003, 1.62486510269963E-11, -0.000145730302288754, 0.0317713972664517
28.9500000000003, 1.5482935787062E-11, -0.000142642755110129, 0.0314302055608252
29.0000000000003, 1.47532607547822E-11, -0.000139619725866561, 0.0310923161169879
29.0500000000003, 1.40579318333792E-11, -0.000136659888808278, 0.0307577026929187
29.1000000000003, 1.33953344461027E-11, -0.000133761944864602, 0.0304263391599818
29.1500000000003, 1.27639298092814E-11, -0.00013092462112129, 0.0300981995042647
29.2000000000003, 1.21622513797608E-11, -0.000128146670307756, 0.0297732578278687
29.2500000000003, 1.15889014685834E-11, -0.000125426870293979, 0.0294514883501544
29.3000000000003, 1.1042548013145E-11, -0.000122764023596953, 0.0291328654089416
29.3500000000003, 1.05219215004248E-11, -0.000120156956896475, 0.0288173634616647
29.4000000000003, 1.00258120342292E-11, -0.000117604520560131, 0.0285049570864846
29.4500000000003, 9.55306653972299E-12, -0.000115105588177292, 0.0281956209833579
29.5000000000003, 9.10258609882964E-12, -0.000112659056101968, 0.0278893299750638
29.5500000000003, 8.67332341038716E-12, -0.000110263843004368, 0.02758605900819
29.6000000000003, 8.26428036922727E-12, -0.00010791888943098, 0.0272857831540776
29.6500000000003, 7.87450575861965E-12, -0.000105623157373052, 0.0269884776097265
29.7000000000003, 7.50309305078178E-12, -0.000103375629843291, 0.026694117698662
29.7500000000003, 7.14917831040222E-12, -0.000101175310460657, 0.026402678871762
29.8000000000003, 6.81193819636085E-12, -9.90212230430727E-05, 0.0261141367080477
29.8500000000003, 6.4905880570545E-12, -9.69124112079416E-05, 0.0258284669154365
29.9000000000003, 6.18438011495063E-12, -9.48479379803002E-05, 0.025545645331459
29.9500000000003, 5.89260173619606E-12, -9.2826885408483E-05, 0.0252656479239402
30.0000000000003, 5.61457378130252E-12, -9.08483541871561E-05, 0.0249884507916463
30.0500000000003, 5.34964903311654E-12, -8.89114632875849E-05, 0.0247140301648961
30.1000000000003, 5.09721069845832E-12, -8.70153495950049E-05, 0.02444236240614
30.1500000000003, 4.85667097998304E-12, -8.51591675529627E-05, 0.0241734240105056
30.2000000000003, 4.62746971497888E-12, -8.33420888145005E-05, 0.0239071916063105
30.2500000000003, 4.40907307796966E-12, -8.15633019000579E-05, 0.0236436419555442
30.3000000000003, 4.20097234413625E-12, -7.98220118619663E-05, 0.0233827519543185
30.3500000000003, 4.00268271071036E-12, -7.81174399554149E-05, 0.0231244986332872
30.4000000000003, 3.81374217362722E-12, -7.64488233157689E-05, 0.0228688591580366
30.4500000000003, 3.63371045685072E-12, -7.48154146421207E-05, 0.0226158108294462
30.5000000000003, 3.46216799190496E-12, -7.32164818869611E-05, 0.0223653310840212
30.5500000000003, 3.29871494526203E-12, -7.16513079518548E-05, 0.022117397494196
30.6000000000003, 3.14297029134498E-12, -7.011919038901E-05, 0.0218719877686117
30.6500000000003, 2.99457092901033E-12, -6.86194411086315E-05, 0.0216290797523649
30.7000000000003, 2.85317083947381E-12, -6.71513860919508E-05, 0.0213886514272318
30.7500000000003, 2.71844028373853E-12, -6.57143651098267E-05, 0.0211506809118651
30.8000000000003, 2.59006503767534E-12, -6.4307731446812E-05, 0.0209151464619662
30.8500000000003, 2.46774566299176E-12, -6.29308516305861E-05, 0.0206820264704328
30.9000000000003, 2.35119681240821E-12, -6.15831051666506E-05, 0.020451299467482
30.9500000000003, 2.24014656743904E-12, -6.02638842781916E-05, 0.0202229441207497
31.0000000000003, 2.13433580725075E-12, -5.8972593651011E-05, 0.0199969392353666
31.0500000000003, 2.03351760714115E-12, -5.77086501834311E-05, 0.0197732637540119
31.1000000000003, 1.93745666525141E-12, -5.64714827410813E-05, 0.0195518967569449
31.1500000000003, 1.8459287561881E-12, -5.52605319164717E-05, 0.0193328174620137
31.2000000000003, 1.75872021029359E-12, -5.40752497932678E-05, 0.0191160052246447
31.2500000000003, 1.67562741736313E-12, -5.29150997151736E-05, 0.0189014395378091
31.3000000000003, 1.59645635366218E-12, -5.17795560593396E-05, 0.018689100031971
31.3500000000003, 1.52102213115205E-12, -5.0668104014208E-05, 0.0184789664750142
31.4000000000003, 1.44914856788244E-12, -4.95802393617129E-05, 0.0182710187721511
31.4500000000003, 1.38066777855851E-12, -4.85154682637518E-05, 0.0180652369658106
31.5000000000003, 1.31541978433654E-12, -4.74733070528492E-05, 0.0178616012355102
31.5500000000003, 1.25325214094627E-12, -4.64532820269309E-05, 0.0176600918977074
31.6000000000003, 1.19401958428072E-12, -4.5454929248133E-05, 0.0174606894056353
31.6500000000003, 1.137583692634E-12, -4.44777943455676E-05, 0.01726337434912
31.7000000000003, 1.08381256480634E-12, -4.35214323219713E-05, 0.0170681274543821
31.7500000000003, 1.032580513332E-12, -4.2585407364161E-05, 0.0168749295838204
31.8000000000003, 9.83767772120594E-13, -4.16692926572263E-05, 0.0166837617357814
31.8500000000003, 9.37260217835673E-13, -4.07726702023866E-05, 0.0164946050443118
31.9000000000003, 8.92949104365895E-13, -3.98951306384425E-05, 0.016307440778896
31.9500000000003, 8.50730809774546E-13, -3.90362730667535E-05, 0.01612225034418
32.0000000000003, 8.10506595141776E-13, -3.81957048796752E-05, 0.0159390152796788
32.0500000000003, 7.72182374741451E-13, -3.73730415923882E-05, 0.0157577172594717
32.1000000000003, 7.35668497020609E-13, -3.65679066780556E-05, 0.0155783380918827
32.1500000000003, 7.00879535874508E-13, -3.57799314062446E-05, 0.015400859719148
32.2000000000003, 6.67734091733949E-13, -3.50087546845487E-05, 0.0152252642170702
32.2500000000003, 6.36154602004251E-13, -3.42540229033514E-05, 0.0150515337946604
32.3000000000003, 6.06067160416836E-13, -3.35153897836684E-05, 0.0148796507937674
32.3500000000003, 5.77401344874957E-13, -3.27925162280114E-05, 0.014709597688695
32.4000000000003, 5.50090053394732E-13, -3.20850701742136E-05, 0.0145413570858086
32.4500000000003, 5.24069347761329E-13, -3.13927264521616E-05, 0.0143749117231287
32.5000000000003, 4.99278304537995E-13, -3.0715166643376E-05, 0.0142102444699152
32.5500000000003, 4.75658873082588E-13, -3.00520789433869E-05, 0.0140473383262401
32.6000000000003, 4.53155740242486E-13, -2.94031580268504E-05, 0.0138861764225495
32.6500000000003, 4.31716201414167E-13, -2.87681049153521E-05, 0.0137267420192167
32.7000000000003, 4.11290037668479E-13, -2.81466268478471E-05, 0.0135690185060845
32.7500000000003, 3.91829398656642E-13, -2.7538437153684E-05, 0.0134129894019983
32.8000000000003, 3.73288691025378E-13, -2.69432551281645E-05, 0.0132586383543303
32.8500000000003, 3.55624472082331E-13, -2.63608059105879E-05, 0.0131059491384943
32.9000000000003, 3.38795348465066E-13, -2.57908203647334E-05, 0.0129549056574526
32.9500000000003, 3.2276187957851E-13, -2.52330349617323E-05, 0.0128054919412134
33.0000000000003, 3.07486485576746E-13, -2.46871916652841E-05, 0.0126576921463216
33.0500000000003, 2.92933359675578E-13, -2.41530378191707E-05, 0.0125114905553404
33.1000000000003, 2.79068384592307E-13, -2.36303260370238E-05, 0.0123668715763264
33.1500000000003, 2.6585905291872E-13, -2.31188140943022E-05, 0.0122238197422965
33.2000000000003, 2.53274391242388E-13, -2.26182648224353E-05, 0.0120823197106886
33.2500000000002, 2.4128488784007E-13, -2.21284460050915E-05, 0.0119423562628146
33.3000000000002, 2.29862423775267E-13, -2.16491302765284E-05, 0.011803914303308
33.3500000000002, 2.18980207239868E-13, -2.11800950219862E-05, 0.0116669788595637
33.4000000000002, 2.08612710987354E-13, -2.07211222800826E-05, 0.0115315350811731
33.4500000000002, 1.98735612712166E-13, -2.02719986471716E-05, 0.0113975682393523
33.5000000000002, 1.89325738236703E-13, -1.98325151836258E-05, 0.0112650637263653
33.5500000000002, 1.80361007373872E-13, -1.94024673220074E-05, 0.0111340070549417
33.6000000000002, 1.71820382339385E-13, -1.89816547770873E-05, 0.0110043838576886
33.6500000000002, 1.63683818593832E-13, -1.85698814576796E-05, 0.0108761798864984
33.7000000000002, 1.5593221800026E-13, -1.81669553802533E-05, 0.0107493810119508
33.7500000000002, 1.48547384188305E-13, -1.77726885842871E-05, 0.0106239732227117
33.8000000000002, 1.41511980021081E-13, -1.73868970493343E-05, 0.0104999426249256
33.8500000000002, 1.34809487065876E-13, -1.70094006137617E-05, 0.0103772754416062
33.9000000000002, 1.28424166974388E-13, -1.66400228951316E-05, 0.0102559580120208
33.9500000000002, 1.22341024682623E-13, -1.62785912121939E-05, 0.0101359767910727
34.0000000000002, 1.16545773344834E-13, -1.59249365084562E-05, 0.0100173183486785
34.0500000000002, 1.11024800919895E-13, -1.55788932773012E-05, 0.0098999693691432
34.1000000000002, 1.05765138332333E-13, -1.52402994886207E-05, 0.00978391665053121
34.1500000000002, 1.00754429133893E-13, -1.49089965169365E-05, 0.00966914710403457
34.2000000000002, 9.59809005950175E-14, -1.45848290709785E-05, 0.00955564775333826
34.2500000000002, 9.14333361589188E-14, -1.42676451246911E-05, 0.00944340573398273
34.3000000000002, 8.71010491940955E-14, -1.39572958496404E-05, 0.00933240829272386
34.3500000000002, 8.29738579841656E-14, -1.36536355487931E-05, 0.00922264278689044
34.4000000000002, 7.90420618967553E-14, -1.33565215916416E-05, 0.00911409668373948
34.4500000000002, 7.52964186759258E-14, -1.3065814350647E-05, 0.00900675755980932
34.5000000000002, 7.17281228052329E-14, -1.27813771389752E-05, 0.00890061310027082
34.5500000000002, 6.83287848909972E-14, -1.25030761494993E-05, 0.00879565109827674
34.6000000000002, 6.50904120177395E-14, -1.2230780395044E-05, 0.00869185945430947
34.6500000000002, 6.2005389029993E-14, -1.19643616498473E-05, 0.00858922617552713
34.7000000000002, 5.90664606968581E-14, -1.17036943922141E-05, 0.00848773937510847
34.7500000000002, 5.62667147177186E-14, -1.14486557483393E-05, 0.00838738727159631
34.8000000000002, 5.35995655294951E-14, -1.11991254372775E-05, 0.00828815818824004
34.8500000000002, 5.10587388776735E-14, -1.09549857170338E-05, 0.00819004055233699
34.9000000000002, 4.86382571151256E-14, -1.07161213317571E-05, 0.00809302289457304
34.9500000000002, 4.6332425194431E-14, -1.04824194600107E-05, 0.00799709384836248
35.0000000000001, 4.41358173210225E-14, -1.02537696641004E-05, 0.00790224214918718
35.0500000000001, 4.20432642360167E-14, -1.00300638404384E-05, 0.00780845663393533
35.1000000000001, 4.00498410990543E-14, -9.81119617092316E-06, 0.00771572624023982
35.1500000000001, 3.81508559428761E-14, -9.59706307531269E-06, 0.00762404000581629
35.2000000000001, 3.63418386726846E-14, -9.38756316457454E-06, 0.00753338706780109
35.2500000000001, 3.46185305846172E-14, -9.18259719519019E-06, 0.00744375666208911
35.3000000000001, 3.29768743788603E-14, -8.98206802439627E-06, 0.00735513812267179
35.3500000000001, 3.14130046440873E-14, -8.78588056634327E-06, 0.00726752088097518
35.4000000000001, 2.99232387910027E-14, -8.59394174915342E-06, 0.00718089446519834
35.4500000000001, 2.85040684138184E-14, -8.40616047285978E-06, 0.00709524849965205
35.5000000000001, 2.71521510594865E-14, -8.22244756820874E-06, 0.00701057270409807
35.5500000000001, 2.58643023854638E-14, -8.04271575630866E-06, 0.00692685689308881
35.6000000000001, 2.46374886876862E-14, -7.86687960910756E-06, 0.00684409097530783
35.6500000000001, 2.34688197812969E-14, -7.69485551068333E-06, 0.00676226495291089
35.7000000000001, 2.23555422174918E-14, -7.52656161932987E-06, 0.006681368920868
35.7500000000001, 2.12950328206324E-14, -7.36191783042343E-06, 0.00660139306630622
35.8000000000001, 2.02847925305188E-14, -7.20084574005315E-06, 0.0065223276678536
35.8500000000001, 1.93224405354315E-14, -7.0432686094006E-06, 0.00644416309498406
35.9000000000001, 1.84057086822258E-14, -6.88911132985308E-06, 0.00636688980736354
35.9500000000001, 1.75324361504097E-14, -6.73830038883599E-06, 0.00629049835419732
36.0000000000001, 1.67005643777522E-14, -6.59076383634961E-06, 0.00621497937357863
36.0500000000001, 1.59081322255557E-14, -6.4464312521962E-06, 0.00614032359183872
36.1000000000001, 1.51532713722846E-14, -6.3052337138834E-06, 0.00606652182289826
36.1500000000001, 1.44342019247763E-14, -6.16710376519018E-06, 0.00599356496762037
36.2000000000001, 1.3749228236768E-14, -6.03197538538213E-06, 0.00592144401316522
36.2500000000001, 1.30967349249553E-14, -5.89978395906273E-06, 0.00585015003234617
36.3000000000001, 1.2475183073263E-14, -5.77046624664786E-06, 0.00577967418298783
36.3500000000001, 1.1883106616444E-14, -5.64396035545083E-06, 0.00571000770728569
36.4000000000001, 1.13191088945442E-14, -5.52020571136566E-06, 0.00564114193116774
36.4500000000001, 1.07818593701672E-14, -5.39914303113633E-06, 0.00557306826365791
36.5000000000001, 1.02700905008562E-14, -5.28071429520023E-06, 0.00550577819624151
36.5500000000001, 9.78259475927057E-15, -5.16486272109411E-06, 0.00543926330223264
36.6000000000001, 9.31822179417891E-15, -5.05153273741103E-06, 0.00537351523614368
36.6500000000001, 8.87587572562313E-15, -4.94066995829724E-06, 0.00530852573305692
36.7000000000001, 8.45451256791745E-15, -4.83222115847793E-06, 0.00524428660799835
36.75, 8.05313777444745E-15, -4.72613424880103E-06, 0.0051807897553136
36.8, 7.67080389851822E-15, -4.62235825228871E-06, 0.00511802714804627
36.85, 7.30660836477177E-15, -4.52084328068597E-06, 0.00505599083731845
36.9, 6.9596913459525E-15, -4.42154051149643E-06, 0.00499467295171365
36.95, 6.62923374004595E-15, -4.32440216549526E-06, 0.00493406569666215
37, 6.31445524305039E-15, -4.22938148470952E-06, 0.00487416135382873
37.05, 6.01461251286463E-15, -4.13643271085646E-06, 0.00481495228050291
37.1, 5.72899741998869E-15, -4.04551106423025E-06, 0.00475643090899174
37.15, 5.45693538093662E-15, -3.95657272302826E-06, 0.0046985897460151
37.2, 5.19778377045462E-15, -3.86957480310758E-06, 0.00464142137210361
37.25, 4.95093040882162E-15, -3.78447533816323E-06, 0.00458491844099914
37.3, 4.71579212068559E-15, -3.70123326031936E-06, 0.00452907367905809
37.35, 4.49181336205563E-15, -3.61980838112494E-06, 0.00447387988465718
37.4, 4.27846491223012E-15, -3.54016137294567E-06, 0.00441932992760219
37.45, 4.07524262759247E-15, -3.46225375074411E-06, 0.00436541674853922
37.5, 3.88166625435137E-15, -3.38604785423985E-06, 0.00431213335836896
37.55, 3.69727829744015E-15, -3.31150683044222E-06, 0.00425947283766361
37.6, 3.52164294292134E-15, -3.23859461654756E-06, 0.00420742833608669
37.65, 3.35434503136799E-15, -3.16727592319389E-06, 0.00415599307181578
37.7, 3.19498907981251E-15, -3.09751621806539E-06, 0.00410516033096806
37.75, 3.04319834996748E-15, -3.02928170983974E-06, 0.00405492346702882
37.8, 2.89861396053153E-15, -2.96253933247095E-06, 0.00400527590028288
37.85, 2.76089404149643E-15, -2.89725672980121E-06, 0.00395621111724896
37.9, 2.62971292846985E-15, -2.83340224049455E-06, 0.00390772267011712
37.95, 2.50476039512244E-15, -2.77094488328605E-06, 0.00385980417618904
38, 2.38574092195655E-15, -2.70985434253988E-06, 0.00381244931732147
38.05, 2.27237299967975E-15, -2.65010095410988E-06, 0.00376565183937263
38.1, 2.16438846554677E-15, -2.59165569149646E-06, 0.0037194055516517
38.15, 2.06153187111121E-15, -2.53449015229375E-06, 0.00367370432637133
38.2, 1.96355987990185E-15, -2.47857654492086E-06, 0.00362854209810332
38.25, 1.87024069360834E-15, -2.4238876756316E-06, 0.0035839128632373
38.3, 1.78135350542838E-15, -2.37039693579671E-06, 0.0035398106794426
38.35, 1.69668797929157E-15, -2.31807828945316E-06, 0.00349622966513319
38.4, 1.61604375373648E-15, -2.26690626111483E-06, 0.0034531639989358
38.45, 1.53922996927462E-15, -2.21685592383933E-06, 0.00341060791916115
38.5, 1.46606481813064E-15, -2.1679028875455E-06, 0.00336855572327832
38.5499999999999, 1.39637511530029E-15, -2.12002328757654E-06, 0.00332700176739239
38.5999999999999, 1.32999588991773E-15, -2.07319377350367E-06, 0.00328594046572513
38.6499999999999, 1.26676999597155E-15, -2.02739149816521E-06, 0.00324536629009892
38.6999999999999, 1.20654774145397E-15, -1.98259410693642E-06, 0.0032052737694239
38.7499999999999, 1.14918653507147E-15, -1.93877972722507E-06, 0.00316565748918825
38.7999999999999, 1.09455054968569E-15, -1.89592695818836E-06, 0.00312651209095172
38.8499999999999, 1.04251040169315E-15, -1.85401486066627E-06, 0.00308783227184234
38.8999999999999, 9.92942845589732E-16, -1.81302294732712E-06, 0.00304961278405637
38.9499999999999, 9.45730483001181E-16, -1.7729311730208E-06, 0.00301184843436144
38.9999999999999, 9.007614854953E-16, -1.73371992533539E-06, 0.00297453408360292
39.0499999999999, 8.57929330523515E-16, -1.69537001535297E-06, 0.0029376646462135
39.0999999999999, 8.1713254987053E-16, -1.65786266860039E-06, 0.00290123508972603
39.1499999999999, 7.78274490020073E-16, -1.62117951619114E-06, 0.00286524043428955
39.1999999999999, 7.41263083872772E-16, -1.58530258615411E-06, 0.00282967575218856
39.2499999999999, 7.06010633278826E-16, -1.55021429494549E-06, 0.00279453616736549
39.2999999999999, 6.72433601873593E-16, -1.51589743914007E-06, 0.00275981685494647
39.3499999999999, 6.40452417728375E-16, -1.48233518729797E-06, 0.00272551304077026
39.3999999999999, 6.09991285351783E-16, -1.4495110720034E-06, 0.00269162000092039
39.4499999999999, 5.80978006599024E-16, -1.4174089820717E-06, 0.00265813306126062
39.4999999999999, 5.5334381006738E-16, -1.38601315492125E-06, 0.00262504759697351
39.5499999999999, 5.27023188576114E-16, -1.35530816910673E-06, 0.00259235903210227
39.5999999999999, 5.01953744348026E-16, -1.3252789370104E-06, 0.00256006283909584
39.6499999999999, 4.78076041528014E-16, -1.2959106976882E-06, 0.00252815453835711
39.6999999999999, 4.55333465691195E-16, -1.26718900986725E-06, 0.00249662969779444
39.7499999999999, 4.33672090009641E-16, -1.23909974509172E-06, 0.00246548393237631
39.7999999999999, 4.13040547762399E-16, -1.21162908101396E-06, 0.0024347129036892
39.8499999999999, 3.93389910888392E-16, -1.18476349482782E-06, 0.00240431231949868
39.8999999999999, 3.74673574296016E-16, -1.15848975684121E-06, 0.00237427793331364
39.9499999999999, 3.56847145656801E-16, -1.13279492418494E-06, 0.00234460554395375
39.9999999999999, 3.39868340423372E-16, -1.10766633465514E-06, 0.00231529099512007
