----------------------------
Table of f(x) = sin(1*x)
x  |  f(x)
0    0
0.5    0.479425538604203
1    0.841470984807897
1.5    0.997494986604054
2    0.909297426825682
2.5    0.598472144103957
3    0.141120008059867
3.5    -0.35078322768962
4    -0.756802495307928
4.5    -0.977530117665097
5    -0.958924274663138
5.5    -0.705540325570392
6    -0.279415498198926
----------------------------
Table of f(x) = sin(2*x)
x  |  f(x)
0    0
0.5    0.841470984807897
1    0.909297426825682
1.5    0.141120008059867
2    -0.756802495307928
2.5    -0.958924274663138
3    -0.279415498198926
3.5    0.656986598718789
4    0.989358246623382
4.5    0.412118485241757
5    -0.54402111088937
5.5    -0.999990206550703
6    -0.536572918000435
----------------------------
Table of f(x) = sin(3*x)
x  |  f(x)
0    0
0.5    0.997494986604054
1    0.141120008059867
1.5    -0.977530117665097
2    -0.279415498198926
2.5    0.937999976774739
3    0.412118485241757
3.5    -0.87969575997167
4    -0.536572918000435
4.5    0.803784426551621
5    0.650287840157117
5.5    -0.711785342369123
6    -0.750987246771676
